gauge	InnerCorner	OuterCorner	SWA	aiBlur	defocus	focusBlur
2L_patten2_1_52	-0.0712933	0.0736873	5.82933	0.12909	0.494904	0.108785
2L_patten2_1_53	-0.0635403	0.0655256	5.08412	0.253165	0.428504	0.105025
2L_patten2_1_54	-0.0323487	0.033932	4.34878	0.396652	0.309872	0.113155
2L_patten2_1_55	-0.0338635	0.0296914	3.88804	0.519004	0.300305	0.147624
2L_patten2_1_56	-0.0242539	0.0248342	3.87712	0.531261	0.300193	0.154105
2L_patten2_1_57	-0.00400471	0.00445956	3.80336	0.55904	0.322447	0.173926
2L_patten2_1_58	-0.0208424	0.0211327	4.22169	0.590345	0.511554	0.257368
2L_patten2_1_59	-0.0317001	0.0347408	3.97231	0.598529	0.522598	0.261073
2L_patten2_1_60	-0.0414377	0.0407334	3.51448	0.788345	0.765326	0.389357
2L_patten2_1_61	-0.0461898	0.0423617	6.39539	-0.0302367	0.488592	0.0997989
2L_patten2_1_62	-0.0468872	0.0429789	5.76216	0.0417305	0.437197	0.0984174
2L_patten2_1_63	-0.0378018	0.0365752	5.58956	0.0810027	0.40192	0.0915962
2L_patten2_1_64	-0.0413847	0.040883	4.75802	0.21581	0.312301	0.0886922
2L_patten2_1_65	-0.0456628	0.0387867	4.50624	0.281194	0.324207	0.103258
2L_patten2_1_66	-0.0430548	0.0352759	4.19797	0.362595	0.329558	0.119815
2L_patten2_1_67	-0.0108581	0.00662887	4.2856	0.452918	0.53031	0.247063
2L_patten2_1_68	-0.0255281	0.0175036	3.72739	0.668568	0.756505	0.351837
2L_patten_1_39	-0.0883413	0.0838682	6.21741	0.680843	0.473756	0.160553
2L_patten_1_40	-0.0695216	0.071514	5.6433	0.757955	0.430914	0.143795
2L_patten_1_41	-0.0704435	0.0765446	4.88122	1.03979	0.392917	0.142942
2L_patten_1_42	-0.0216155	0.0183685	4.35626	1.09942	0.344687	0.169203
2L_patten_1_43	-0.039426	0.0400722	4.5214	1.18718	0.318544	0.252942
2L_patten_1_44	-0.0115819	0.0112121	4.72899	1.05562	0.281463	0.239772
2L_patten_1_45	-0.016449	0.0187118	4.76174	1.09894	0.305319	0.264012
2L_patten_1_46	-0.0887133	0.0897661	4.17101	1.36256	0.502361	0.297216
2L_patten_1_47	-0.084294	0.0775495	4.8897	1.48277	0.68742	0.445286
2L_patten_1_48	-0.0312622	0.0322843	5.58234	0.424927	0.434228	0.116204
2L_patten_1_49	-0.0431455	0.0455821	4.98089	0.508437	0.395724	0.10582
2L_patten_1_50	-0.0456075	0.0395245	4.27313	0.698017	0.315645	0.121124
Anchor_4_0	0	0	-5.99262	-0.524764	-0.0958226	-0.0308589
BAR_ISO_1_1	0.111994	-0.242967	-3.06331	-1.72463	-1.4875	-0.535582
BAR_ISO_1_10	0.451056	-0.648522	-4.66808	-1.72967	-1.10424	-0.439862
BAR_ISO_1_11	0.422969	-0.63827	-5.04263	-1.83205	-1.07319	-0.416668
BAR_ISO_1_12	0.111109	-0.370104	-3.37033	-1.87131	-1.55994	-0.562612
BAR_ISO_1_13	0.124968	-0.311002	-3.22526	-1.64686	-1.45806	-0.541305
BAR_ISO_1_14	0.084854	-0.24913	-3.20311	-1.50715	-1.34124	-0.498892
BAR_ISO_1_15	0.119781	-0.264355	-3.19057	-1.28302	-1.19119	-0.447901
BAR_ISO_1_16	0.0863307	-0.207573	-3.1532	-1.21527	-1.13874	-0.435812
BAR_ISO_1_17	0.0280571	-0.163637	-3.14318	-1.21365	-1.11947	-0.439109
BAR_ISO_1_18	0.328973	-0.437244	-4.8031	-1.77563	-0.908708	-0.413776
BAR_ISO_1_19	0.143868	-0.280442	-4.02927	-1.80482	-1.10601	-0.458287
BAR_ISO_1_2	0.119118	-0.300714	-3.17778	-1.69574	-1.38775	-0.517905
BAR_ISO_1_20	0.0780408	-0.228948	-3.99909	-1.77469	-1.04522	-0.451365
BAR_ISO_1_21	0.309508	-0.505806	-4.39103	-1.66622	-1.07766	-0.441645
BAR_ISO_1_22	0.298918	-0.460013	-4.59084	-1.67512	-1.02855	-0.399975
BAR_ISO_1_23	0.103189	-0.408855	-3.44724	-1.8053	-1.61818	-0.586049
BAR_ISO_1_24	0.0941254	-0.299558	-3.31343	-1.58804	-1.46256	-0.492167
BAR_ISO_1_25	0.0951759	-0.251404	-3.24926	-1.36978	-1.32781	-0.457557
BAR_ISO_1_26	0.127208	-0.281716	-3.29177	-1.24515	-1.24704	-0.467317
BAR_ISO_1_27	0.0925617	-0.220317	-3.24713	-1.17747	-1.18858	-0.445161
BAR_ISO_1_28	0.0402166	-0.166112	-3.19966	-1.13963	-1.15372	-0.418982
BAR_ISO_1_29	0.245453	-0.339374	-4.31571	-1.67519	-0.891396	-0.413491
BAR_ISO_1_3	0.0785631	-0.217583	-3.14295	-1.56349	-1.27696	-0.47771
BAR_ISO_1_30	0.0530007	-0.177743	-3.77474	-1.70011	-1.12207	-0.450367
BAR_ISO_1_31	0.0703437	-0.196111	-3.83552	-1.61579	-1.02115	-0.416653
BAR_ISO_1_32	0.089306	-0.221162	-3.95387	-1.63562	-0.995975	-0.418506
BAR_ISO_1_33	0.211406	-0.366417	-4.10503	-1.42462	-0.946683	-0.401956
BAR_ISO_1_34	0.0851322	-0.193657	-3.2068	-1.27021	-1.0529	-0.40289
BAR_ISO_1_35	0.0260879	-0.148845	-3.16544	-1.25015	-1.00762	-0.397163
BAR_ISO_1_36	0.050879	-0.178974	-3.30537	-1.27552	-0.985667	-0.398688
BAR_ISO_1_37	0.0748894	-0.205287	-3.36579	-1.29549	-0.958708	-0.401099
BAR_ISO_1_38	0.178198	-0.324558	-3.61826	-1.36553	-0.970352	-0.407992
BAR_ISO_1_39	0.211071	-0.377305	-3.81599	-1.51961	-1.00452	-0.437714
BAR_ISO_1_4	0.109357	-0.241994	-3.19823	-1.33197	-1.13933	-0.426814
BAR_ISO_1_40	0.153449	-0.327856	-3.8741	-1.5888	-0.995099	-0.446999
BAR_ISO_1_41	0.232933	-0.282436	-4.05391	-1.54709	-0.951219	-0.440534
BAR_ISO_1_42	0.154742	-0.188991	-4.02623	-1.517	-0.935103	-0.434007
BAR_ISO_1_43	0.086423	-0.104354	-3.92766	-1.49637	-0.899529	-0.428683
BAR_ISO_1_44	0.045153	-0.0643413	-3.92177	-1.49802	-0.891269	-0.424875
BAR_ISO_1_5	0.100189	-0.220793	-3.15934	-1.25088	-1.08333	-0.412986
BAR_ISO_1_6	0.0267579	-0.149859	-3.09462	-1.26085	-1.05473	-0.414702
BAR_ISO_1_7	0.525839	-0.670777	-5.51931	-2.03708	-0.993748	-0.423936
BAR_ISO_1_8	0.085895	-0.227369	-3.99394	-1.8831	-1.07812	-0.452549
BAR_ISO_1_9	0.0807271	-0.238067	-4.08373	-1.86295	-1.03158	-0.446194
BicMac_27_0	0	0	-5.6446	-0.348395	0.422998	0.236455
BicMac_27_1	0	0	-4.55578	-0.296536	0.416243	0.194717
BicMac_27_10	0	0	-4.99323	-0.0166565	0.511878	0.229255
BicMac_27_11	0	0	-4.64946	-0.0260345	0.469735	0.194465
BicMac_27_12	0	0	-4.51601	-0.0381376	0.441321	0.177613
BicMac_27_13	0	0	-4.08948	-0.117838	0.306829	0.107629
BicMac_27_14	0	0	-3.97349	-0.168431	0.233654	0.0787417
BicMac_27_15	0	0	-3.81808	-0.239486	0.148572	0.0466672
BicMac_27_16	0	0	-3.97105	-0.31486	-0.111006	-0.172735
BicMac_27_17	0	0	-3.6756	-0.740621	-0.935183	-0.389292
BicMac_27_18	0	0	-3.47019	-0.867094	-1.18355	-0.407317
BicMac_27_2	0	0	-3.63519	-0.282905	0.33993	0.119925
BicMac_27_3	0	0	-3.27006	-0.352735	0.207153	0.0501088
BicMac_27_4	0	0	-3.25073	-0.414651	0.144186	0.0195975
BicMac_27_5	0	0	-3.29649	-0.495042	0.0548597	-0.0196625
BicMac_27_6	0	0	-3.6104	-0.480677	-0.103385	-0.135486
BicMac_27_7	0	0	-3.40823	-0.42776	-0.204713	-0.215433
BicMac_27_8	0	0	-3.37456	-0.847629	-0.977279	-0.452133
BicMac_27_9	0	0	-3.48532	-1.07187	-0.990584	-0.372604
Chain_H_1_1	0.417961	-0.707789	-6.37328	-0.363513	-0.301438	-0.0561842
Chain_H_1_10	0.555243	-0.975939	-6.32862	-0.228259	-0.326441	-0.0661839
Chain_H_1_11	0.537771	-0.978291	-6.355	-0.236133	-0.338384	-0.0668382
Chain_H_1_112	0.00190694	0.000927428	-3.71884	-0.802688	-1.00316	-0.384972
Chain_H_1_113	0.00395692	-0.00113406	-3.90904	-0.803643	-1.053	-0.395708
Chain_H_1_114	0.000791222	0.00162742	-3.88535	-0.807559	-1.04559	-0.393711
Chain_H_1_115	0.324345	-0.523263	-6.8029	-0.206769	-0.354958	0.00667594
Chain_H_1_116	0.20251	-0.367394	-6.458	-0.330183	-0.484969	-0.0694255
Chain_H_1_117	0.18561	-0.319375	-6.77828	-0.251613	-0.259302	0.0399389
Chain_H_1_118	0.373273	-0.41775	-6.72289	-0.30586	-0.197436	0.0359667
Chain_H_1_119	0.0966336	-0.190857	-4.14895	-1.38526	-0.842469	-0.350871
Chain_H_1_12	0.545789	-1.00853	-6.75946	-0.353484	-0.389637	-0.0826543
Chain_H_1_120	0.117641	-0.239571	-4.15591	-1.38561	-0.836798	-0.353869
Chain_H_1_121	0.0771107	-0.150321	-4.14589	-1.37509	-0.852418	-0.34732
Chain_H_1_122	0.0702815	-0.137338	-4.13357	-1.36618	-0.857031	-0.345843
Chain_H_1_13	0.515198	-0.93925	-6.25061	-0.24647	-0.329223	-0.0561145
Chain_H_1_132	0.012934	-0.0125822	-4.44369	-1.61715	-0.702168	-0.354085
Chain_H_1_133	0.0193078	-0.0186394	-4.47358	-1.6323	-0.702789	-0.358035
Chain_H_1_134	0.0206295	-0.0204715	-4.47749	-1.63274	-0.70622	-0.357934
Chain_H_1_135	0.0176189	-0.0156547	-4.4303	-1.61478	-0.702418	-0.353421
Chain_H_1_136	0.0378538	-0.0334795	-4.40771	-1.55529	-0.707998	-0.352713
Chain_H_1_137	0.0386089	-0.0296083	-4.49416	-1.63832	-0.729789	-0.366533
Chain_H_1_138	0.0407246	-0.0282899	-4.51729	-1.64369	-0.734178	-0.369009
Chain_H_1_139	0.0222414	-0.0254072	-4.3722	-1.6499	-0.700685	-0.355042
Chain_H_1_14	0.432615	-0.828105	-6.23724	-0.303782	-0.474012	-0.0609783
Chain_H_1_140	0.0260238	-0.023346	-4.42483	-1.64248	-0.713833	-0.354406
Chain_H_1_141	0.0732343	-0.123433	-3.55148	-0.800267	-0.590677	-0.235406
Chain_H_1_142	0.0699126	-0.140374	-3.56334	-0.807093	-0.59023	-0.236639
Chain_H_1_143	0.0413637	-0.252809	-3.87207	-0.671322	-0.461649	-0.161023
Chain_H_1_144	0.0772552	-0.319509	-4.22192	-0.855919	-0.531252	-0.175958
Chain_H_1_145	0.0476914	-0.264321	-3.94357	-0.728107	-0.467089	-0.172757
Chain_H_1_146	0.0512833	-0.278436	-3.96383	-0.749316	-0.476105	-0.177596
Chain_H_1_15	0.541728	-0.994678	-6.32959	-0.227612	-0.326724	-0.0662631
Chain_H_1_150	0.140123	-0.205959	-3.97006	-0.846297	-0.351043	-0.138608
Chain_H_1_151	0.138339	-0.204391	-3.96427	-0.840889	-0.350656	-0.135144
Chain_H_1_152	0.146991	-0.1977	-3.92215	-0.839701	-0.353498	-0.135016
Chain_H_1_153	0.138537	-0.304481	-4.13135	-0.814123	-0.31648	-0.135088
Chain_H_1_154	0.255583	-0.24894	-4.92569	-1.06945	-0.349915	-0.23854
Chain_H_1_155	0.290386	-0.271434	-4.94122	-1.06857	-0.357661	-0.237916
Chain_H_1_156	0.248695	-0.241894	-4.96569	-1.06838	-0.348942	-0.239828
Chain_H_1_16	0.17121	-0.559379	-6.22357	-0.315944	-0.562061	-0.103024
Chain_H_1_167	0.0608275	-0.116315	-4.18332	-1.39048	-0.717248	-0.42095
Chain_H_1_168	0.110489	-0.204236	-3.91544	-1.1775	-0.506017	-0.275146
Chain_H_1_169	0.0976407	-0.209512	-3.75697	-1.04869	-0.468044	-0.252171
Chain_H_1_17	0.250575	-0.669727	-6.4271	-0.269609	-0.552308	-0.111568
Chain_H_1_170	0.098256	-0.155303	-3.78188	-1.17929	-0.455309	-0.271853
Chain_H_1_171	0.111503	-0.218602	-3.95238	-1.1776	-0.504469	-0.274532
Chain_H_1_172	0.0703587	-0.131489	-3.42109	-1.08878	-0.504941	-0.302198
Chain_H_1_173	0.10924	-0.20688	-3.95023	-1.18364	-0.504995	-0.275084
Chain_H_1_174	0.0876694	-0.239194	-3.92827	-1.02248	-0.534865	-0.280629
Chain_H_1_175	0.067572	-0.132235	-3.41778	-1.10199	-0.49904	-0.303382
Chain_H_1_18	0.241975	-0.665612	-6.3389	-0.259289	-0.54273	-0.107735
Chain_H_1_183	0.0327627	-0.0268303	-4.50815	-1.63165	-0.719965	-0.362093
Chain_H_1_184	0.0441781	-0.042911	-4.54896	-1.52923	-0.690068	-0.344349
Chain_H_1_185	0.0404361	-0.0383079	-4.60517	-1.59537	-0.704901	-0.356084
Chain_H_1_186	0.0527458	-0.0531111	-4.72061	-1.65265	-0.718097	-0.361642
Chain_H_1_187	0.0197376	-0.0189891	-4.45011	-1.60878	-0.701183	-0.352966
Chain_H_1_188	0.0587081	-0.0607013	-4.71127	-1.61556	-0.706434	-0.354991
Chain_H_1_189	0.281999	-0.297332	-7.04669	-0.175357	-0.272799	-0.0557657
Chain_H_1_19	0.240617	-0.651152	-6.37092	-0.306044	-0.540903	-0.0924402
Chain_H_1_190	0.298253	-0.289839	-7.04627	-0.163603	-0.278378	-0.0556533
Chain_H_1_191	0.267634	-0.302954	-7.06498	-0.16626	-0.284786	-0.0560841
Chain_H_1_2	0.316819	-0.790699	-6.51152	-0.225629	-0.332887	-0.0618521
Chain_H_1_20	0.242207	-0.676603	-6.43639	-0.300102	-0.551836	-0.0966102
Chain_H_1_206	0.000904816	0.0012866	-3.72648	-0.799514	-1.00403	-0.384183
Chain_H_1_207	0.0037812	-0.00159647	-3.90538	-0.798098	-1.04589	-0.387876
Chain_H_1_208	0.00210867	-9.39E-05	-3.89009	-0.805524	-1.04206	-0.392036
Chain_H_1_209	0.327961	-0.53015	-6.8224	-0.208925	-0.348642	0.00615559
Chain_H_1_21	0.257195	-0.674314	-6.41885	-0.270376	-0.553353	-0.111398
Chain_H_1_210	0.21566	-0.370806	-6.45521	-0.334272	-0.480196	-0.069346
Chain_H_1_211	0.182469	-0.330709	-6.78393	-0.249077	-0.262795	0.0402348
Chain_H_1_212	0.324706	-0.32687	-6.60102	-0.405047	-0.459369	-0.0627192
Chain_H_1_213	0.364291	-0.424255	-6.67546	-0.303352	-0.193068	0.0365315
Chain_H_1_214	0.0933347	-0.190551	-4.14787	-1.38512	-0.843262	-0.351099
Chain_H_1_215	0.131198	-0.239366	-4.15356	-1.37359	-0.831817	-0.352202
Chain_H_1_216	0.0677288	-0.141745	-4.13152	-1.36961	-0.850047	-0.346455
Chain_H_1_217	0.0719545	-0.137831	-4.14069	-1.36751	-0.855175	-0.345886
Chain_H_1_22	0.387547	-0.668083	-6.91303	-0.340721	-0.340649	-0.0457659
Chain_H_1_227	0.0586829	-0.052272	-4.6871	-1.6101	-0.710976	-0.355262
Chain_H_1_228	0.0569665	-0.0552252	-4.75701	-1.66179	-0.721778	-0.364116
Chain_H_1_229	0.0206228	-0.0157967	-4.45404	-1.62261	-0.705668	-0.356296
Chain_H_1_23	0.385111	-0.654557	-6.43687	-0.337161	-0.295793	-0.0558566
Chain_H_1_230	0.0567094	-0.0517675	-4.73643	-1.64494	-0.717451	-0.361282
Chain_H_1_231	0.0506533	-0.0500957	-4.61092	-1.57681	-0.70373	-0.357614
Chain_H_1_232	0.0384374	-0.0349593	-4.72516	-1.67094	-0.721088	-0.369342
Chain_H_1_233	0.0459523	-0.0290775	-4.54865	-1.66347	-0.736326	-0.370452
Chain_H_1_234	0.0532722	-0.0556874	-4.70505	-1.66614	-0.72756	-0.361643
Chain_H_1_235	0.0415959	-0.05493	-4.78202	-1.67449	-0.729128	-0.36187
Chain_H_1_236	0.0263069	-0.0240118	-4.50687	-1.63529	-0.709164	-0.356157
Chain_H_1_24	0.806455	-1.15542	-6.49217	-0.401827	-0.38052	-0.0663607
Chain_H_1_25	0.379934	-0.630712	-6.37511	-0.343813	-0.285092	-0.0513681
Chain_H_1_26	0.34759	-0.578487	-6.40888	-0.316026	-0.290496	-0.0544731
Chain_H_1_27	0.345876	-0.589434	-6.41874	-0.316847	-0.29075	-0.0546805
Chain_H_1_28	0.327632	-0.587394	-6.39073	-0.315844	-0.291139	-0.0546793
Chain_H_1_29	0.442648	-1.05833	-5.08734	-0.57307	-0.158048	-0.0493869
Chain_H_1_3	0.354474	-0.758375	-6.18922	-0.222991	-0.367476	-0.0692921
Chain_H_1_30	0.42863	-0.969251	-5.0685	-0.562372	-0.186525	-0.0585536
Chain_H_1_31	0.430524	-0.965726	-5.03946	-0.563408	-0.182234	-0.0582356
Chain_H_1_32	0.443877	-0.924959	-5.04486	-0.558202	-0.204199	-0.0574303
Chain_H_1_33	0.4405	-1.0285	-5.16884	-0.579009	-0.155144	-0.0487516
Chain_H_1_34	0.424778	-0.996417	-4.96161	-0.554698	-0.182008	-0.058252
Chain_H_1_35	0.428546	-0.993374	-4.93958	-0.560857	-0.173316	-0.0575659
Chain_H_1_36	0.304296	-0.51997	-6.87894	-0.29447	-0.381579	-0.0476299
Chain_H_1_37	0.24309	-0.4684	-6.37875	-0.3081	-0.333264	-0.0577289
Chain_H_1_38	0.287653	-0.512895	-6.48667	-0.307108	-0.336637	-0.057715
Chain_H_1_39	0.227045	-0.501285	-6.33362	-0.310954	-0.332645	-0.0578193
Chain_H_1_4	0.369083	-0.779806	-6.19703	-0.211554	-0.343123	-0.0684716
Chain_H_1_40	0.257646	-0.471978	-6.24697	-0.395529	-0.289695	-0.0298048
Chain_H_1_41	0.328398	-0.563896	-6.92433	-0.378979	-0.419377	-0.0711165
Chain_H_1_42	0.87218	-1.4722	-7.08866	-0.414704	-0.369786	-0.0765441
Chain_H_1_43	1.02026	-1.61127	-7.3987	-0.452314	-0.382976	-0.0823962
Chain_H_1_44	0.879202	-1.46795	-6.55916	-0.342522	-0.37368	-0.0673162
Chain_H_1_45	0.859037	-1.42823	-6.60507	-0.361565	-0.374615	-0.0604636
Chain_H_1_46	0.868822	-1.46641	-6.49727	-0.34168	-0.358015	-0.0669247
Chain_H_1_47	0.859047	-1.46261	-6.6084	-0.341327	-0.357001	-0.067807
Chain_H_1_48	0.0763956	-0.126942	-3.56264	-0.801724	-0.595308	-0.235678
Chain_H_1_49	0.0717414	-0.127031	-3.55082	-0.802272	-0.588878	-0.235688
Chain_H_1_5	0.287907	-0.740861	-6.47641	-0.306791	-0.41394	-0.0831383
Chain_H_1_50	0.043092	-0.249614	-3.8784	-0.672963	-0.466188	-0.161098
Chain_H_1_51	0.0799322	-0.318271	-4.2235	-0.853584	-0.528307	-0.175675
Chain_H_1_52	0.0510493	-0.267697	-3.94796	-0.723071	-0.465754	-0.170599
Chain_H_1_53	0.0496055	-0.278009	-3.96611	-0.74289	-0.472388	-0.175034
Chain_H_1_57	0.140335	-0.209064	-3.99267	-0.857357	-0.34579	-0.13844
Chain_H_1_58	0.149482	-0.192687	-3.92313	-0.846079	-0.351827	-0.134795
Chain_H_1_59	0.146805	-0.200922	-3.92547	-0.842713	-0.353099	-0.134608
Chain_H_1_6	0.35076	-0.774539	-6.1912	-0.186377	-0.33146	-0.0676071
Chain_H_1_60	0.140157	-0.317819	-4.1322	-0.812897	-0.317133	-0.135536
Chain_H_1_61	0.255742	-0.243216	-4.94889	-1.06928	-0.34909	-0.238552
Chain_H_1_62	0.277239	-0.25419	-5.01318	-1.07524	-0.351677	-0.237266
Chain_H_1_63	0.256236	-0.234276	-4.9507	-1.0693	-0.348914	-0.238991
Chain_H_1_7	0.275027	-0.673504	-6.01184	-0.286995	-0.402207	-0.0542617
Chain_H_1_74	0.0593727	-0.114314	-4.17327	-1.3838	-0.715131	-0.419103
Chain_H_1_75	0.106902	-0.212769	-3.93909	-1.17969	-0.504831	-0.274321
Chain_H_1_76	0.100086	-0.210272	-3.77591	-1.06544	-0.468334	-0.253143
Chain_H_1_77	0.102369	-0.15009	-3.76931	-1.16932	-0.457225	-0.270994
Chain_H_1_78	0.110438	-0.20388	-3.92922	-1.18155	-0.504643	-0.275437
Chain_H_1_79	0.110618	-0.203347	-3.987	-1.20254	-0.504879	-0.276616
Chain_H_1_8	0.359377	-0.76603	-6.21832	-0.202237	-0.347073	-0.0685522
Chain_H_1_80	0.0837483	-0.231609	-3.92292	-1.04582	-0.531868	-0.284351
Chain_H_1_81	0.0675381	-0.127649	-3.41901	-1.09984	-0.500484	-0.302825
Chain_H_1_89	0.0169499	-0.0152627	-4.5066	-1.63357	-0.716382	-0.361422
Chain_H_1_9	0.510469	-0.972951	-6.75274	-0.348977	-0.385012	-0.0797461
Chain_H_1_90	0.023626	-0.0162867	-4.40579	-1.53804	-0.694607	-0.34482
Chain_H_1_91	0.0261637	-0.0218257	-4.45971	-1.59768	-0.70904	-0.354672
Chain_H_1_92	0.023112	-0.0179295	-4.47359	-1.62256	-0.705603	-0.35655
Chain_H_1_93	0.0206224	-0.0189495	-4.45179	-1.61418	-0.702304	-0.353589
Chain_H_1_94	0.0196894	-0.0182638	-4.44185	-1.60256	-0.699489	-0.35151
Chain_H_1_95	0.292779	-0.280038	-7.05099	-0.182279	-0.278836	-0.0563713
Chain_H_1_96	0.293045	-0.286738	-7.02873	-0.176803	-0.276427	-0.0551888
Chain_H_1_97	0.271765	-0.297572	-7.01972	-0.184138	-0.281872	-0.0559729
Chain_V_1_100	0.0608778	-0.237533	-4.06901	-1.42585	-1.01033	-0.359984
Chain_V_1_101	0.067546	-0.226362	-3.96169	-1.32976	-0.988943	-0.349179
Chain_V_1_102	0.0668426	-0.232823	-3.98318	-1.33706	-0.991301	-0.34913
Chain_V_1_103	0.064714	-0.229316	-4.01356	-1.37415	-1.0043	-0.355575
Chain_V_1_104	0.231923	-0.471983	-6.38762	-0.252279	-0.348511	0.0230096
Chain_V_1_105	0.199126	-0.4448	-6.0308	-0.353562	-0.146766	0.0751472
Chain_V_1_106	0.151621	-0.284981	-3.72498	-0.856713	-1.23059	-0.487114
Chain_V_1_107	0.151299	-0.287336	-3.68082	-0.883445	-1.29035	-0.497022
Chain_V_1_108	0.147154	-0.279337	-3.7225	-0.856207	-1.23317	-0.486517
Chain_V_1_109	0.566153	-0.719234	-7.40426	-0.240503	-0.0171472	0.084456
Chain_V_1_110	0.48529	-0.600838	-7.3992	-0.245611	-0.184641	0.0559589
Chain_V_1_111	0.50327	-0.616457	-7.404	-0.240594	-0.174949	0.059968
Chain_V_1_123	0.0857668	-0.171699	-3.50888	-1.14933	-1.05821	-0.405653
Chain_V_1_124	0.0770733	-0.140259	-3.48502	-1.13977	-1.06184	-0.399806
Chain_V_1_125	0.0853409	-0.158011	-3.50165	-1.14688	-1.05586	-0.402444
Chain_V_1_126	0.083483	-0.12471	-3.46826	-1.12921	-1.06717	-0.396613
Chain_V_1_127	0.390544	-0.523332	-4.43723	-1.38055	-1.28735	-0.436706
Chain_V_1_128	0.404183	-0.522977	-4.59413	-1.30007	-1.2716	-0.436092
Chain_V_1_129	0.0956398	-0.111353	-3.82194	-1.53118	-1.04098	-0.411314
Chain_V_1_130	0.0948169	-0.112	-3.762	-1.48224	-1.06091	-0.415852
Chain_V_1_131	0.0955733	-0.10287	-3.83582	-1.52387	-1.04513	-0.410849
Chain_V_1_147	0.0945931	-0.24691	-4.88758	-0.681643	-0.326017	0.0178127
Chain_V_1_148	0.104594	-0.233532	-4.85	-0.692074	-0.317995	0.00876831
Chain_V_1_149	0.0910609	-0.233784	-4.85277	-0.691596	-0.325284	0.00956184
Chain_V_1_157	0.0862387	-0.155051	-3.58017	-0.781669	-0.566912	-0.220381
Chain_V_1_158	0.115068	-0.206742	-3.64121	-0.773367	-0.56334	-0.237273
Chain_V_1_159	0.0689462	-0.126433	-3.54248	-0.7662	-0.570112	-0.227543
Chain_V_1_160	0.373791	-0.737519	-5.12599	-0.798144	-0.36655	-0.105763
Chain_V_1_161	0.47522	-0.852151	-5.54951	-0.795649	-0.414704	-0.111615
Chain_V_1_162	0.359396	-0.732594	-5.15357	-0.75584	-0.355676	-0.098879
Chain_V_1_163	0.475801	-0.852793	-5.54233	-0.798772	-0.413317	-0.11177
Chain_V_1_164	0.304832	-0.667618	-4.96119	-0.781563	-0.39004	-0.122127
Chain_V_1_165	0.337378	-0.670899	-4.91098	-0.868268	-0.409028	-0.13747
Chain_V_1_166	0.327135	-0.68167	-5.0465	-0.835449	-0.424657	-0.13984
Chain_V_1_176	0.173871	-0.305088	-4.17815	-1.22547	-0.731471	-0.318098
Chain_V_1_177	0.169631	-0.310061	-4.17728	-1.22394	-0.729547	-0.318441
Chain_V_1_178	0.172965	-0.306542	-4.17945	-1.22843	-0.729061	-0.318184
Chain_V_1_179	0.170019	-0.309964	-4.17921	-1.22073	-0.727936	-0.318192
Chain_V_1_180	0.0635302	-0.122029	-3.80736	-1.16103	-0.792361	-0.35785
Chain_V_1_181	0.0840865	-0.183915	-3.87205	-1.17336	-0.796821	-0.361675
Chain_V_1_182	0.0733876	-0.128722	-3.77184	-1.13449	-0.800772	-0.353595
Chain_V_1_192	0.0121971	-0.177605	-3.72658	-1.29602	-0.938939	-0.352593
Chain_V_1_193	0.053893	-0.22282	-3.79331	-1.29476	-0.943896	-0.350934
Chain_V_1_194	0.0654438	-0.235673	-3.87676	-1.3834	-0.994729	-0.368688
Chain_V_1_195	0.0495974	-0.216565	-3.78204	-1.24949	-0.921831	-0.34299
Chain_V_1_196	0.0541734	-0.215038	-3.78009	-1.26829	-0.929088	-0.345339
Chain_V_1_197	0.053887	-0.221859	-3.79455	-1.29595	-0.944406	-0.351101
Chain_V_1_198	0.225803	-0.469951	-6.4277	-0.27702	-0.350265	0.0221288
Chain_V_1_199	0.201386	-0.460074	-6.01095	-0.354384	-0.14971	0.0753022
Chain_V_1_200	0.144859	-0.282762	-3.84909	-0.871009	-1.26288	-0.496636
Chain_V_1_201	0.147802	-0.28204	-3.77753	-0.890272	-1.31232	-0.499918
Chain_V_1_202	0.141645	-0.278306	-3.84896	-0.869672	-1.26662	-0.496921
Chain_V_1_203	0.568341	-0.722934	-7.39895	-0.253808	-0.0166582	0.0830506
Chain_V_1_204	0.490782	-0.600669	-7.42428	-0.24201	-0.186184	0.0571733
Chain_V_1_205	0.500846	-0.606834	-7.4152	-0.239914	-0.175397	0.0607101
Chain_V_1_218	0.084088	-0.162677	-3.54429	-1.10806	-1.0197	-0.389453
Chain_V_1_219	0.0768978	-0.131891	-3.54299	-1.10921	-1.02794	-0.384376
Chain_V_1_220	0.0817517	-0.154053	-3.54412	-1.1102	-1.02156	-0.38796
Chain_V_1_221	0.0786939	-0.12443	-3.52875	-1.10371	-1.03958	-0.381465
Chain_V_1_222	0.359254	-0.476606	-4.56526	-1.326	-1.22382	-0.410854
Chain_V_1_223	0.389555	-0.497752	-4.55492	-1.29467	-1.2359	-0.411178
Chain_V_1_224	0.0899407	-0.105665	-3.97407	-1.52117	-1.0075	-0.384639
Chain_V_1_225	0.0897956	-0.104766	-3.80138	-1.44066	-1.01739	-0.392727
Chain_V_1_226	0.0879847	-0.10266	-3.98114	-1.52516	-1.01966	-0.384923
Chain_V_1_54	0.089124	-0.238825	-4.96789	-0.659602	-0.322774	0.0160793
Chain_V_1_55	0.0988322	-0.225051	-4.93427	-0.699733	-0.316492	0.0105248
Chain_V_1_56	0.0912428	-0.226657	-4.93861	-0.704084	-0.32819	0.0106852
Chain_V_1_64	0.0917796	-0.156098	-3.61106	-0.815471	-0.58663	-0.226886
Chain_V_1_65	0.118107	-0.210021	-3.67028	-0.811592	-0.585352	-0.244866
Chain_V_1_66	0.0745299	-0.127053	-3.56343	-0.804796	-0.593044	-0.235845
Chain_V_1_67	0.355672	-0.696566	-5.16028	-0.748465	-0.348388	-0.099386
Chain_V_1_68	0.450479	-0.798049	-5.61698	-0.763666	-0.391662	-0.105698
Chain_V_1_69	0.350316	-0.69765	-5.17343	-0.711309	-0.336795	-0.0932143
Chain_V_1_70	0.454782	-0.799878	-5.60103	-0.76782	-0.392467	-0.106209
Chain_V_1_71	0.284543	-0.623079	-4.90163	-0.735367	-0.373935	-0.119118
Chain_V_1_72	0.334809	-0.64447	-5.0219	-0.834156	-0.394852	-0.131534
Chain_V_1_73	0.318011	-0.6622	-5.1063	-0.801385	-0.406838	-0.132603
Chain_V_1_82	0.173323	-0.30257	-4.01218	-1.20431	-0.729699	-0.319024
Chain_V_1_83	0.168212	-0.306585	-3.99965	-1.20041	-0.726244	-0.318129
Chain_V_1_84	0.174164	-0.306065	-4.00665	-1.20462	-0.726081	-0.318746
Chain_V_1_85	0.160451	-0.305711	-3.97667	-1.19362	-0.721756	-0.317185
Chain_V_1_86	0.0617984	-0.118716	-3.93022	-1.17439	-0.795687	-0.341501
Chain_V_1_87	0.0797228	-0.179473	-3.96791	-1.13412	-0.767742	-0.345517
Chain_V_1_88	0.0680545	-0.122792	-3.88057	-1.16029	-0.810883	-0.342237
Chain_V_1_98	0.0479847	-0.209075	-3.95763	-1.35046	-0.993437	-0.354734
Chain_V_1_99	0.0629868	-0.229042	-4.01297	-1.37173	-1.00479	-0.354959
DLE1_34_0	-0.564352	5.70753	15.9223	3.04158	-1.10078	-0.0100605
DLE1_34_1	-0.711722	5.89828	16.2481	2.98072	-0.843568	-0.0104928
DLE1_34_10	-0.231051	3.17319	11.4959	1.4503	0.899974	0.228072
DLE1_34_11	-0.188096	2.8063	11.3479	1.66021	1.75107	0.492666
DLE1_34_12	-0.205755	3.02993	11.9859	1.77582	1.76344	0.575159
DLE1_34_13	-0.54291	4.24246	13.5436	1.71497	-0.156854	-0.1779
DLE1_34_14	-0.30749	2.38076	10.0833	0.964808	0.709484	0.106553
DLE1_34_15	-0.163501	1.80271	9.75141	0.848903	2.29555	0.67804
DLE1_34_16	-0.0713713	1.37128	7.72975	0.729144	0.388802	0.0239165
DLE1_34_17	-0.119478	0.97392	9.86315	-0.352015	2.77141	0.738802
DLE1_34_18	-0.10924	0.934429	8.15987	0.126843	2.06495	0.593348
DLE1_34_2	-0.648021	6.27107	17.4867	3.00867	-0.233456	-0.10864
DLE1_34_3	-0.481781	5.73474	16.8058	2.69966	0.478375	0.137935
DLE1_34_4	-0.325006	4.47496	14.1541	1.98706	0.674535	0.283353
DLE1_34_5	-0.270998	4.32882	14.1555	2.22434	1.27455	0.407005
DLE1_34_6	-0.283388	4.10525	13.8319	2.69771	2.2278	0.689963
DLE1_34_7	-0.308539	3.44521	13.0631	2.00894	2.71824	0.835458
DLE1_34_8	-0.21159	3.9263	14.2139	2.63581	1.793	0.641215
DLE1_34_9	-0.492668	5.02064	14.6393	2.64013	-0.714661	-0.140829
DLE1_35_0	-0.540588	5.53534	15.4706	2.90482	-1.00045	-0.00993442
DLE1_35_1	-0.617046	5.53297	15.5045	2.78942	-0.844229	-0.0150661
DLE1_35_10	-0.214884	3.10929	11.2129	1.45823	0.864893	0.224799
DLE1_35_11	-0.167255	2.83157	11.405	1.68661	1.75936	0.496986
DLE1_35_12	-0.201081	2.94122	11.5955	1.7611	1.69293	0.555132
DLE1_35_13	-0.497996	4.00088	12.8042	1.70382	-0.172746	-0.179319
DLE1_35_14	-0.273336	2.26087	9.73479	0.969355	0.674657	0.104547
DLE1_35_15	-0.151391	1.81101	9.63398	0.869763	2.2559	0.670713
DLE1_35_16	-0.0596218	1.30444	7.51576	0.720271	0.35821	0.0241836
DLE1_35_17	-0.0905222	0.884657	9.05666	-0.221884	2.44666	0.657197
DLE1_35_18	-0.0916649	0.871883	7.89258	0.169059	1.95762	0.563857
DLE1_35_2	-0.53666	5.76939	16.5813	2.8962	-0.28727	-0.112347
DLE1_35_3	-0.433724	5.37983	16.0744	2.57352	0.398765	0.120603
DLE1_35_4	-0.272224	4.19488	13.6246	1.90521	0.628652	0.270715
DLE1_35_5	-0.271007	4.18313	13.749	2.195	1.22723	0.395549
DLE1_35_6	-0.276635	3.91574	13.4027	2.54323	2.02389	0.641998
DLE1_35_7	-0.313582	3.47725	13.0599	2.10946	2.69255	0.843041
DLE1_35_8	-0.219066	3.98038	14.2711	2.67624	1.79045	0.645408
DLE1_35_9	-0.404248	4.7122	13.8998	2.45887	-0.652059	-0.130961
DLE1_36_0	-0.471615	5.27006	14.8937	2.84054	-0.974789	-0.0137639
DLE1_36_1	-0.543238	5.38409	15.0499	2.69819	-0.772625	-0.0157489
DLE1_36_10	-0.178814	2.99582	10.8798	1.46397	0.820152	0.219652
DLE1_36_11	-0.138035	2.76131	10.789	1.68197	1.65025	0.475189
DLE1_36_12	-0.172081	2.89836	11.3156	1.77286	1.64171	0.54597
DLE1_36_13	-0.466293	3.71863	12.2277	1.59398	-0.197697	-0.180682
DLE1_36_14	-0.250891	2.13359	9.35623	0.939537	0.60735	0.096167
DLE1_36_15	-0.147966	1.77139	9.27009	0.889086	2.1624	0.649062
DLE1_36_16	-0.0856287	1.27844	7.24574	0.733094	0.331993	0.024229
DLE1_36_17	-0.0934614	0.859375	8.63341	-0.150738	2.35614	0.637268
DLE1_36_18	-0.099042	0.892744	7.59534	0.221402	1.88216	0.545226
DLE1_36_2	-0.467208	5.57776	16.2149	2.7775	-0.279457	-0.102501
DLE1_36_3	-0.392837	5.16366	15.6173	2.55657	0.37338	0.116
DLE1_36_4	-0.220116	4.05106	13.211	1.86059	0.554451	0.248973
DLE1_36_5	-0.228862	4.09958	13.5097	2.17956	1.19089	0.387832
DLE1_36_6	-0.248365	3.69586	12.583	2.481	1.86966	0.58822
DLE1_36_7	-0.264412	3.32594	12.4976	2.01556	2.53747	0.808563
DLE1_36_8	-0.197689	3.80178	13.7409	2.6238	1.71653	0.622655
DLE1_36_9	-0.333418	4.55724	13.5176	2.43847	-0.646276	-0.130816
DLE1_37_0	-0.49652	5.18349	14.7637	2.80942	-0.969197	-0.0154504
DLE1_37_1	-0.53982	5.40267	15.1117	2.71035	-0.774317	-0.014893
DLE1_37_10	-0.187568	2.98734	10.8486	1.45748	0.818404	0.218503
DLE1_37_11	-0.149673	2.80427	10.9153	1.68822	1.66956	0.479793
DLE1_37_12	-0.181407	2.85043	11.2064	1.75494	1.62753	0.540265
DLE1_37_13	-0.455703	3.71772	12.204	1.59004	-0.201128	-0.180425
DLE1_37_14	-0.240062	2.13845	9.31369	0.937917	0.605011	0.0954582
DLE1_37_15	-0.146077	1.74924	9.2129	0.887209	2.1495	0.645142
DLE1_37_16	-0.0789489	1.26778	7.24492	0.733487	0.334465	0.025204
DLE1_37_17	-0.0860441	0.865557	8.68699	-0.159477	2.36883	0.640048
DLE1_37_18	-0.0954328	0.889595	7.59624	0.220558	1.8825	0.545188
DLE1_37_2	-0.41723	5.48473	15.8808	2.746	-0.270889	-0.102386
DLE1_37_3	-0.402344	5.15832	15.5828	2.55004	0.373543	0.115304
DLE1_37_4	-0.218808	4.05529	13.2394	1.86246	0.553732	0.249218
DLE1_37_5	-0.228197	4.04683	13.3375	2.16169	1.17373	0.384478
DLE1_37_6	-0.247639	3.79153	12.9043	2.50261	1.91863	0.599503
DLE1_37_7	-0.277268	3.23409	12.3691	1.97097	2.51973	0.798192
DLE1_37_8	-0.20465	3.75724	13.619	2.59538	1.70104	0.616716
DLE1_37_9	-0.348416	4.5426	13.57	2.45729	-0.650712	-0.130636
DLE1_38_0	-0.479657	4.91951	14.3517	2.71024	-0.953685	-0.0155088
DLE1_38_1	-0.52938	5.06558	14.4417	2.63127	-0.75758	-0.0204101
DLE1_38_10	-0.191988	2.80066	10.4609	1.40829	0.753595	0.204173
DLE1_38_11	-0.136534	2.61906	10.4277	1.65808	1.57052	0.464721
DLE1_38_12	-0.153806	2.70374	10.7863	1.69398	1.53306	0.513438
DLE1_38_13	-0.423034	3.57106	11.7156	1.55086	-0.196248	-0.16632
DLE1_38_14	-0.225193	2.09957	9.04409	0.947394	0.568854	0.0928977
DLE1_38_15	-0.131193	1.70862	8.97095	0.906698	2.06156	0.630299
DLE1_38_16	-0.0691904	1.26155	7.01097	0.74704	0.312409	0.0249137
DLE1_38_17	-0.078031	0.823271	8.32736	-0.0990607	2.24506	0.624603
DLE1_38_18	-0.0812565	0.857298	7.31472	0.273725	1.81422	0.529841
DLE1_38_2	-0.377758	5.38741	15.6743	2.75411	-0.287071	-0.102854
DLE1_38_3	-0.372059	4.82525	14.9764	2.41442	0.337497	0.109298
DLE1_38_4	-0.218171	3.90203	12.8577	1.84852	0.526638	0.24303
DLE1_38_5	-0.20051	3.95602	13.2171	2.14916	1.15224	0.384209
DLE1_38_6	-0.220567	3.69177	12.5206	2.48859	1.85665	0.587699
DLE1_38_7	-0.270372	3.17744	12.1331	1.96916	2.41588	0.763163
DLE1_38_8	-0.156362	3.70076	13.5064	2.59418	1.68042	0.618345
DLE1_38_9	-0.34459	4.20433	12.956	2.29538	-0.641589	-0.131671
DLE1_39_0	-0.450803	5.10431	14.6676	2.79714	-0.963143	-0.0119189
DLE1_39_1	-0.531353	4.9305	14.1975	2.55745	-0.750505	-0.022868
DLE1_39_10	-0.182435	2.79879	10.4432	1.40495	0.751121	0.203316
DLE1_39_11	-0.136126	2.56546	10.3319	1.63155	1.53279	0.461126
DLE1_39_12	-0.159108	2.76468	10.9545	1.73069	1.56296	0.529462
DLE1_39_13	-0.367233	3.40476	11.3168	1.56546	-0.220922	-0.164586
DLE1_39_14	-0.202931	2.05059	8.81994	0.9613	0.544564	0.091789
DLE1_39_15	-0.127531	1.64317	8.70358	0.907668	1.96191	0.595565
DLE1_39_16	-0.0551393	1.22226	6.74384	0.74694	0.285537	0.0246328
DLE1_39_17	-0.0678021	0.777509	7.91856	-0.026514	2.09767	0.576135
DLE1_39_18	-0.0744987	0.825227	7.05624	0.32317	1.73975	0.514539
DLE1_39_2	-0.429179	5.30278	15.5281	2.71173	-0.27982	-0.103714
DLE1_39_3	-0.322869	4.82956	14.9814	2.41631	0.334747	0.110571
DLE1_39_4	-0.218675	3.91323	12.9005	1.84743	0.52744	0.243261
DLE1_39_5	-0.191778	3.84372	12.8593	2.09333	1.0892	0.362294
DLE1_39_6	-0.224611	3.82345	12.9109	2.50496	1.91572	0.600882
DLE1_39_7	-0.237456	3.27506	12.2982	2.02108	2.43998	0.776814
DLE1_39_8	-0.153984	3.69289	13.4877	2.59375	1.67661	0.61766
DLE1_39_9	-0.339986	4.18331	12.924	2.28775	-0.641975	-0.131779
DLE_28_0	-0.54458	5.60232	16.4941	3.07211	-0.836582	0.0487554
DLE_28_1	-0.494122	5.54821	16.3713	3.08919	-0.580844	0.0555914
DLE_28_10	-0.154351	3.39292	11.7514	1.88295	0.951097	0.312597
DLE_28_11	-0.126283	2.92121	10.7217	2.04457	1.51985	0.482296
DLE_28_12	-0.134171	3.07998	11.9007	2.21115	1.5642	0.559489
DLE_28_13	-0.398346	4.32489	13.6488	1.89006	-0.0821841	-0.118911
DLE_28_14	-0.234842	2.47077	9.85558	1.1725	0.698364	0.161844
DLE_28_15	-0.157724	2.06681	9.59396	1.26782	1.98787	0.632481
DLE_28_16	-0.230382	1.69981	8.22971	0.769977	0.408757	0.0496461
DLE_28_17	-0.0807706	0.951477	8.33229	0.196983	2.14622	0.600581
DLE_28_18	-0.0597598	1.06881	7.88151	0.419438	1.8552	0.54837
DLE_28_2	-0.525471	5.31839	16.0178	2.97011	-0.0653252	-0.0337093
DLE_28_3	-0.46055	5.14987	15.8907	2.80679	0.519223	0.181948
DLE_28_4	-0.473688	4.36121	13.791	2.24724	0.7511	0.312265
DLE_28_5	-0.39334	4.56216	15.2065	2.69676	1.37981	0.462984
DLE_28_6	-0.227147	3.76842	12.6236	3.0037	1.79661	0.616514
DLE_28_7	-0.404604	3.57125	13.1871	2.68063	2.44371	0.820976
DLE_28_8	-0.485723	4.0064	14.5917	2.89284	1.79649	0.613135
DLE_28_9	-0.293247	4.76214	14.2088	2.63028	-0.514527	-0.0777712
DLE_29_0	-0.50588	5.53654	16.4344	3.11134	-0.812533	0.0513749
DLE_29_1	-0.47419	5.27772	15.78	2.99038	-0.563495	0.0494274
DLE_29_10	-0.123197	3.27193	11.496	1.87941	0.912048	0.30638
DLE_29_11	-0.127876	2.8212	10.4373	2.02419	1.47208	0.471475
DLE_29_12	-0.11895	3.15421	12.0758	2.26032	1.58512	0.570121
DLE_29_13	-0.385169	4.25292	13.3263	1.89801	-0.0980604	-0.11939
DLE_29_14	-0.195856	2.43457	9.75492	1.19216	0.688794	0.162999
DLE_29_15	-0.12487	2.12769	9.71773	1.30594	2.00592	0.642031
DLE_29_16	-0.198477	1.65784	8.03585	0.782773	0.389708	0.0502926
DLE_29_17	-0.0492345	0.972031	8.3285	0.213771	2.14769	0.602423
DLE_29_18	-0.0620881	1.09289	7.871	0.434839	1.85369	0.548576
DLE_29_2	-0.513124	5.31296	15.9206	2.98264	-0.0760624	-0.0345064
DLE_29_3	-0.419551	4.96684	15.5324	2.75685	0.493078	0.174583
DLE_29_4	-0.461792	4.2824	13.6984	2.25786	0.724682	0.31017
DLE_29_5	-0.378962	4.39516	14.8732	2.63028	1.33683	0.45142
DLE_29_6	-0.185798	3.6896	12.4671	3.03485	1.73776	0.612444
DLE_29_7	-0.342937	3.45713	13.0536	2.73433	2.33947	0.801753
DLE_29_8	-0.434318	4.01131	14.5261	2.93552	1.7762	0.616551
DLE_29_9	-0.25737	4.60775	13.9155	2.61176	-0.514157	-0.0778654
DLE_30_0	-0.456273	5.29061	15.8724	2.9847	-0.788297	0.0442876
DLE_30_1	-0.455566	5.21999	15.7056	3.00373	-0.549438	0.0517821
DLE_30_10	-0.132324	3.20361	11.2855	1.85869	0.887319	0.299713
DLE_30_11	-0.123128	2.71197	10.1653	1.97053	1.39517	0.45056
DLE_30_12	-0.109239	3.01136	11.6469	2.24902	1.51113	0.544708
DLE_30_13	-0.351707	4.06123	12.9002	1.90496	-0.11142	-0.118625
DLE_30_14	-0.195054	2.36075	9.54117	1.16493	0.652052	0.156109
DLE_30_15	-0.128016	2.10334	9.57091	1.32226	1.96613	0.632973
DLE_30_16	-0.175564	1.58019	7.75067	0.783605	0.35856	0.047521
DLE_30_17	-0.0560465	0.966755	8.12198	0.248763	2.0917	0.587567
DLE_30_18	-0.0551752	1.08512	7.70186	0.464987	1.80575	0.540704
DLE_30_2	-0.531353	5.07123	15.4676	2.88063	-0.0751062	-0.0345248
DLE_30_3	-0.470325	4.81553	15.2415	2.74244	0.468327	0.169654
DLE_30_4	-0.438311	4.10709	13.3673	2.22331	0.690454	0.299875
DLE_30_5	-0.385912	4.26908	14.8234	2.67801	1.28268	0.447245
DLE_30_6	-0.181042	3.55555	12.0887	2.97096	1.65808	0.586581
DLE_30_7	-0.361995	3.52283	13.1888	2.78038	2.3727	0.816524
DLE_30_8	-0.40194	3.97978	14.6249	3.00424	1.76716	0.622472
DLE_30_9	-0.240776	4.40962	13.4815	2.52598	-0.501534	-0.0776088
DLE_31_0	-0.418475	5.18725	15.8672	3.01572	-0.752797	0.0484337
DLE_31_1	-0.445243	5.02773	15.318	2.92284	-0.537863	0.048303
DLE_31_10	-0.109154	3.0518	10.8708	1.82264	0.836398	0.286642
DLE_31_11	-0.10893	2.63736	9.90314	1.96179	1.34019	0.436617
DLE_31_12	-0.101913	2.96067	11.4014	2.24533	1.46791	0.536521
DLE_31_13	-0.325031	3.77569	12.3429	1.79257	-0.122662	-0.113092
DLE_31_14	-0.16598	2.3176	9.34948	1.17164	0.628661	0.154074
DLE_31_15	-0.121588	2.05792	9.28553	1.32119	1.89458	0.615673
DLE_31_16	-0.153171	1.54886	7.59298	0.790943	0.348433	0.0488154
DLE_31_17	-0.0512492	0.958788	7.91962	0.279885	2.04251	0.576243
DLE_31_18	-0.0463437	1.04195	7.42548	0.502632	1.71268	0.514781
DLE_31_2	-0.471504	4.99751	15.2634	2.86689	-0.081949	-0.0339965
DLE_31_3	-0.449479	4.69265	14.8977	2.69799	0.452524	0.164951
DLE_31_4	-0.398212	4.0162	13.0392	2.23699	0.664566	0.295771
DLE_31_5	-0.363023	4.18404	14.4144	2.63979	1.23486	0.433708
DLE_31_6	-0.169973	3.51478	12.035	2.98216	1.64829	0.586582
DLE_31_7	-0.295774	3.4463	13.0353	2.8188	2.30212	0.804024
DLE_31_8	-0.351164	3.93821	14.4886	3.02011	1.70991	0.612581
DLE_31_9	-0.256424	4.24143	13.1859	2.48078	-0.478309	-0.0742873
DLE_32_0	-0.420108	5.02739	15.2644	2.89096	-0.732024	0.0411379
DLE_32_1	-0.382947	4.83215	14.8176	2.84661	-0.506046	0.0430034
DLE_32_10	-0.108232	3.00059	10.6725	1.82253	0.80912	0.280608
DLE_32_11	-0.104917	2.56044	9.65382	1.96259	1.29097	0.426113
DLE_32_12	-0.0978668	2.82883	11.0173	2.18586	1.40212	0.513336
DLE_32_13	-0.305535	3.71939	12.0655	1.77803	-0.13598	-0.11321
DLE_32_14	-0.155165	2.23095	9.02436	1.1685	0.585412	0.146577
DLE_32_15	-0.119929	2.01265	9.0756	1.30883	1.82353	0.593931
DLE_32_16	-0.123913	1.55692	7.46205	0.801094	0.34307	0.047859
DLE_32_17	-0.0526184	0.955433	7.72517	0.312896	1.9768	0.563826
DLE_32_18	-0.0638253	1.02982	7.29261	0.52315	1.67781	0.505571
DLE_32_2	-0.42499	4.87489	14.9225	2.81882	-0.0827431	-0.0342456
DLE_32_3	-0.396529	4.59054	14.5994	2.73092	0.436448	0.162778
DLE_32_4	-0.349307	3.94549	12.7771	2.20351	0.641267	0.288274
DLE_32_5	-0.344017	4.10375	14.1934	2.71769	1.23607	0.441221
DLE_32_6	-0.131966	3.39806	11.7299	2.94916	1.57182	0.566372
DLE_32_7	-0.290013	3.43844	12.9415	2.90627	2.29389	0.814661
DLE_32_8	-0.261382	3.95086	14.3723	3.01642	1.67748	0.606635
DLE_32_9	-0.214538	4.18282	12.9854	2.47419	-0.461334	-0.0715251
DLE_33_0	-0.438156	5.08391	15.5523	2.96171	-0.735542	0.0464523
DLE_33_1	-0.384795	4.87317	14.9327	2.8695	-0.506612	0.0448476
DLE_33_10	-0.107841	3.00059	10.6728	1.82275	0.809129	0.280651
DLE_33_11	-0.105033	2.55995	9.65551	1.9628	1.29122	0.426136
DLE_33_12	-0.0990371	2.82557	11.0021	2.17211	1.40638	0.513803
DLE_33_13	-0.318843	3.62146	11.8264	1.78352	-0.137408	-0.110937
DLE_33_14	-0.146758	2.20508	8.8641	1.16475	0.571251	0.145092
DLE_33_15	-0.0928005	1.98034	8.89223	1.31456	1.77263	0.581027
DLE_33_16	-0.118675	1.50125	7.23752	0.808561	0.326992	0.0482941
DLE_33_17	-0.0369454	0.913899	7.39248	0.349967	1.85216	0.527666
DLE_33_18	-0.0506984	1.0104	7.0566	0.558387	1.61802	0.490814
DLE_33_2	-0.427891	4.83081	14.8157	2.80011	-0.0820322	-0.0345557
DLE_33_3	-0.396362	4.59083	14.5996	2.73103	0.436486	0.162814
DLE_33_4	-0.349695	3.94298	12.7677	2.20212	0.641439	0.288567
DLE_33_5	-0.344876	4.10388	14.1892	2.71719	1.23539	0.440824
DLE_33_6	-0.131524	3.39447	11.7296	2.95041	1.57326	0.567013
DLE_33_7	-0.242954	3.37522	12.801	2.90266	2.2514	0.808025
DLE_33_8	-0.30179	3.80677	14.05	3.04192	1.63247	0.58701
DLE_33_9	-0.191352	4.1828	12.9515	2.46079	-0.463125	-0.0726419
DLE_34_0	-0.386252	4.79733	14.8318	2.85031	-0.692283	0.0396339
DLE_34_1	-0.351966	4.71673	14.5292	2.80128	-0.486896	0.0428207
DLE_34_10	-0.120574	2.96652	10.5235	1.80515	0.786943	0.274209
DLE_34_11	-0.0941008	2.5149	9.46626	1.93538	1.25725	0.417143
DLE_34_12	-0.0792782	2.77362	10.8919	2.19837	1.35883	0.500427
DLE_34_13	-0.281832	3.37625	11.3587	1.70982	-0.150315	-0.110095
DLE_34_14	-0.147728	2.11758	8.59676	1.16958	0.537901	0.139571
DLE_34_15	-0.0864798	1.91788	8.57082	1.31753	1.69288	0.558094
DLE_34_16	-0.13389	1.48042	7.13756	0.816546	0.317635	0.0482272
DLE_34_17	-0.0369762	0.894833	7.25373	0.375759	1.81173	0.517918
DLE_34_18	-0.0500939	1.03074	6.95025	0.583368	1.59066	0.48399
DLE_34_2	-0.39514	4.66856	14.4218	2.76989	-0.0829439	-0.0343425
DLE_34_3	-0.394018	4.41107	14.2225	2.66419	0.416055	0.155395
DLE_34_4	-0.337653	3.83798	12.5284	2.18637	0.604493	0.277281
DLE_34_5	-0.288062	3.99882	13.8494	2.65251	1.19236	0.428108
DLE_34_6	-0.120092	3.31302	11.4497	2.95698	1.52575	0.554351
DLE_34_7	-0.221179	3.26713	12.6085	2.87744	2.17935	0.790631
DLE_34_8	-0.280422	3.78049	13.9115	3.0649	1.62632	0.597868
DLE_34_9	-0.182536	4.02222	12.597	2.42542	-0.445443	-0.0713365
DLE_35_0	-0.372266	4.7688	14.8861	2.89319	-0.66653	0.0442092
DLE_35_1	-0.360388	4.53412	14.0833	2.73108	-0.465821	0.0397488
DLE_35_10	-0.0979833	2.85908	10.2425	1.80439	0.761289	0.263948
DLE_35_11	-0.0771225	2.40545	9.10784	1.91823	1.18282	0.397451
DLE_35_12	-0.0750041	2.66694	10.5854	2.14407	1.32436	0.481565
DLE_35_13	-0.253194	3.33278	11.138	1.71816	-0.144592	-0.103556
DLE_35_14	-0.14071	2.0709	8.45457	1.1628	0.525903	0.13788
DLE_35_15	-0.0878908	1.8792	8.40885	1.31655	1.65504	0.546933
DLE_35_16	-0.108227	1.42771	6.95453	0.826608	0.307376	0.0489868
DLE_35_17	-0.0450497	0.87588	6.98463	0.417673	1.73636	0.498786
DLE_35_18	-0.0440883	0.988767	6.75576	0.619767	1.53657	0.471282
DLE_35_2	-0.366887	4.43444	14.024	2.70948	-0.0884973	-0.0353239
DLE_35_3	-0.367698	4.31372	13.989	2.61599	0.403955	0.151287
DLE_35_4	-0.309586	3.7034	12.1937	2.16614	0.570362	0.265698
DLE_35_5	-0.262858	3.8335	13.5878	2.59592	1.15452	0.416141
DLE_35_6	-0.120921	3.18957	11.1735	2.89602	1.48012	0.543462
DLE_35_7	-0.211164	3.20127	12.4564	2.85524	2.10937	0.772784
DLE_35_8	-0.246191	3.53182	13.4956	2.97808	1.52423	0.564893
DLE_35_9	-0.160912	3.96117	12.3898	2.39701	-0.432948	-0.069735
DLE_36_0	-0.303008	4.49598	14.312	2.74662	-0.635538	0.039789
DLE_36_1	-0.330139	4.33081	13.7648	2.67166	-0.452677	0.0369466
DLE_36_10	-0.0964884	2.82999	10.0937	1.81105	0.747385	0.2664
DLE_36_11	-0.0668987	2.35389	8.93956	1.89867	1.15732	0.390498
DLE_36_12	-0.0753194	2.57216	10.2913	2.12825	1.30335	0.478788
DLE_36_13	-0.244016	3.19016	10.7909	1.68675	-0.148335	-0.101628
DLE_36_14	-0.109501	2.02375	8.22385	1.15811	0.501678	0.133733
DLE_36_15	-0.079385	1.81511	8.15566	1.32589	1.58792	0.528789
DLE_36_16	-0.100473	1.37232	6.7903	0.828186	0.296505	0.0489484
DLE_36_17	-0.0479401	0.854658	6.73815	0.4551	1.66161	0.47936
DLE_36_18	-0.043793	0.966943	6.57949	0.640549	1.48601	0.458372
DLE_36_2	-0.319851	4.3344	13.8179	2.66273	-0.0818993	-0.0331781
DLE_36_3	-0.350815	4.16995	13.5123	2.53532	0.380714	0.139217
DLE_36_4	-0.309477	3.5955	11.9061	2.17624	0.560126	0.265556
DLE_36_5	-0.267253	3.76411	13.5195	2.59565	1.10584	0.404729
DLE_36_6	-0.0962964	3.07577	10.9153	2.87718	1.42215	0.527606
DLE_36_7	-0.187202	3.10345	11.9933	2.84167	2.05097	0.734175
DLE_36_8	-0.215579	3.50514	13.2748	2.98133	1.47117	0.547922
DLE_36_9	-0.177097	3.72009	12.031	2.32972	-0.420978	-0.0699746
DLE_37_0	-0.309526	4.56625	14.537	2.79521	-0.642447	0.0422194
DLE_37_1	-0.326123	4.41508	14.004	2.73543	-0.45197	0.040049
DLE_37_10	-0.0965188	2.80119	10.0229	1.80172	0.738135	0.263284
DLE_37_11	-0.0661867	2.30697	8.7835	1.87805	1.12546	0.380695
DLE_37_12	-0.0775764	2.64256	10.4561	2.18244	1.32279	0.488308
DLE_37_13	-0.242866	3.18917	10.7877	1.68609	-0.149044	-0.101699
DLE_37_14	-0.109544	2.02402	8.21839	1.1508	0.504107	0.133597
DLE_37_15	-0.0800829	1.78311	8.05041	1.31322	1.56404	0.520767
DLE_37_16	-0.100126	1.37137	6.7857	0.82849	0.29686	0.0492782
DLE_37_17	-0.0480726	0.854659	6.73883	0.454903	1.66247	0.479693
DLE_37_18	-0.0442928	0.966038	6.58341	0.642741	1.48571	0.458459
DLE_37_2	-0.319459	4.32983	13.8319	2.66627	-0.0840733	-0.0333253
DLE_37_3	-0.350504	4.16853	13.5109	2.535	0.380427	0.139178
DLE_37_4	-0.298374	3.61889	11.8913	2.15899	0.560917	0.264349
DLE_37_5	-0.267308	3.76214	13.5117	2.58796	1.10371	0.403733
DLE_37_6	-0.0958847	3.07823	10.9246	2.87762	1.42424	0.52817
DLE_37_7	-0.204521	3.20759	12.4461	2.91628	2.08015	0.766288
DLE_37_8	-0.221078	3.47556	13.2004	2.90952	1.47576	0.547713
DLE_37_9	-0.160802	3.69826	12.0057	2.33633	-0.405108	-0.0671093
DLE_38_0	-0.312211	4.49069	14.3482	2.75506	-0.614123	0.0420549
DLE_38_1	-0.328664	4.23636	13.705	2.6686	-0.417082	0.0397852
DLE_38_10	-0.0832643	2.69981	9.81076	1.77936	0.713933	0.25599
DLE_38_11	-0.0754289	2.22771	8.6138	1.85294	1.09835	0.37328
DLE_38_12	-0.0608524	2.4803	9.98756	2.09845	1.24729	0.462076
DLE_38_13	-0.214935	3.09495	10.4938	1.66147	-0.148437	-0.0992404
DLE_38_14	-0.117013	1.96215	8.00809	1.15832	0.478367	0.129474
DLE_38_15	-0.0755672	1.7468	7.91769	1.31654	1.52279	0.509509
DLE_38_16	-0.103139	1.31928	6.63121	0.830734	0.287716	0.0487628
DLE_38_17	-0.0414346	0.83474	6.52926	0.490453	1.59271	0.462643
DLE_38_18	-0.0375417	0.94429	6.42468	0.666688	1.44046	0.445257
DLE_38_2	-0.31238	4.17992	13.4635	2.59211	-0.0760011	-0.0314204
DLE_38_3	-0.345872	4.07888	13.249	2.52493	0.362043	0.134833
DLE_38_4	-0.295405	3.45251	11.6168	2.14526	0.538046	0.258248
DLE_38_5	-0.223526	3.71418	13.2295	2.61217	1.07208	0.394604
DLE_38_6	-0.112412	2.99997	10.7297	2.85547	1.37754	0.514277
DLE_38_7	-0.168813	3.1215	12.1739	2.96172	2.08709	0.779313
DLE_38_8	-0.199959	3.40362	13.0113	2.97839	1.44492	0.532158
DLE_38_9	-0.140981	3.58938	11.6841	2.25487	-0.38217	-0.06532
DLE_39_0	-0.302684	4.44016	14.2006	2.71476	-0.606656	0.0404825
DLE_39_1	-0.298168	4.2633	13.6884	2.66463	-0.419697	0.0392881
DLE_39_10	-0.0787444	2.69493	9.80485	1.77807	0.712711	0.255929
DLE_39_11	-0.0751172	2.22811	8.61593	1.8535	1.09898	0.373594
DLE_39_12	-0.058682	2.53707	10.1342	2.12807	1.27027	0.471204
DLE_39_13	-0.184314	2.97602	10.2164	1.63249	-0.144685	-0.0961708
DLE_39_14	-0.101848	1.93812	7.8488	1.16892	0.470366	0.128225
DLE_39_15	-0.0667985	1.69487	7.69052	1.31525	1.46779	0.492898
DLE_39_16	-0.0801758	1.34773	6.49041	0.845943	0.278127	0.0487239
DLE_39_17	-0.0383327	0.834855	6.42605	0.49916	1.56288	0.455583
DLE_39_18	-0.0321186	0.917222	6.28008	0.692778	1.41478	0.436994
DLE_39_2	-0.321277	4.24267	13.6555	2.63852	-0.0756784	-0.0307737
DLE_39_3	-0.343132	4.05993	13.1706	2.52862	0.359283	0.132931
DLE_39_4	-0.295556	3.45301	11.6175	2.14535	0.537933	0.258208
DLE_39_5	-0.220739	3.69749	13.0964	2.64338	1.08995	0.3853
DLE_39_6	-0.110368	2.97243	10.6311	2.8124	1.36436	0.508197
DLE_39_7	-0.151584	3.00409	11.9299	2.93205	2.00073	0.754635
DLE_39_8	-0.194859	3.34584	12.6427	2.9364	1.43841	0.539542
DLE_39_9	-0.133482	3.61086	11.7538	2.27187	-0.387466	-0.0656265
DLE_43_0	-0.32056	4.36291	14.1033	2.77331	-0.564753	0.0427524
DLE_43_1	-0.274871	4.1111	13.1706	2.55578	-0.395653	0.034485
DLE_43_10	-0.0716845	2.6453	9.58935	1.75324	0.683736	0.245765
DLE_43_11	-0.0615769	2.17921	8.34859	1.86399	1.05449	0.358777
DLE_43_12	-0.0564544	2.46311	9.94662	2.13404	1.21739	0.453223
DLE_43_13	-0.173249	2.81901	9.96266	1.63347	-0.135613	-0.0897065
DLE_43_14	-0.0938677	1.87263	7.67673	1.15944	0.453684	0.1245
DLE_43_15	-0.0496173	1.68589	7.49514	1.33466	1.45126	0.487479
DLE_43_16	-0.0747569	1.32384	6.35337	0.854268	0.283106	0.0516629
DLE_43_17	-0.0405909	0.809979	6.16228	0.5464	1.4845	0.433172
DLE_43_18	-0.0308462	0.924978	6.08865	0.738253	1.36961	0.429173
DLE_43_2	-0.286688	4.13991	13.3428	2.65784	-0.076426	-0.0296803
DLE_43_3	-0.337637	3.9251	12.9276	2.51258	0.370288	0.136822
DLE_43_4	-0.299377	3.31722	11.3809	2.09155	0.512475	0.247258
DLE_43_5	-0.243663	3.58421	12.8263	2.62502	1.08847	0.402309
DLE_43_6	-0.0779625	2.90352	10.4073	2.86223	1.34632	0.508904
DLE_43_7	-0.0970557	2.91323	11.7815	2.87904	1.92447	0.730568
DLE_43_8	-0.155351	3.22615	12.4698	2.89845	1.38829	0.525638
DLE_43_9	-0.107951	3.51505	11.4641	2.25271	-0.363896	-0.06339
DLE_44_0	-0.2607	4.1	13.384	2.6524	-0.539767	0.0397417
DLE_44_1	-0.290663	3.99957	12.9269	2.60455	-0.374569	0.0388584
DLE_44_10	-0.0664853	2.58169	9.40726	1.79439	0.687659	0.247224
DLE_44_11	-0.0567691	2.1018	8.11447	1.8433	1.0191	0.353544
DLE_44_12	-0.054828	2.40716	9.62439	2.1371	1.22723	0.455825
DLE_44_13	-0.157373	2.79726	9.77656	1.61645	-0.12662	-0.0854241
DLE_44_14	-0.0809309	1.80127	7.51107	1.14953	0.439836	0.121794
DLE_44_15	-0.0498603	1.61828	7.35255	1.33621	1.41116	0.477306
DLE_44_16	-0.0717052	1.26567	6.21269	0.856961	0.275231	0.0514412
DLE_44_17	-0.0298938	0.812739	5.9931	0.577352	1.4473	0.425863
DLE_44_18	-0.0322736	0.887694	5.97908	0.756194	1.33517	0.420377
DLE_44_3	-0.316901	3.79166	12.6187	2.45287	0.35261	0.132669
DLE_44_4	-0.272589	3.27423	11.1022	2.13973	0.489317	0.237842
DLE_44_5	-0.197247	3.39511	12.6334	2.59169	1.04132	0.390794
DLE_44_6	-0.101232	2.84981	10.2092	2.80792	1.30816	0.496309
DLE_44_7	-0.0995218	2.78795	11.2826	2.87595	1.8718	0.681218
DLE_44_8	-0.179556	3.0767	12.2101	2.81367	1.33421	0.50728
DLE_44_9	-0.126895	3.41517	11.2092	2.24209	-0.341956	-0.0606391
DLE_45_0	-0.280916	4.04678	13.4963	2.63811	-0.499057	0.0452022
DLE_45_1	-0.2186	3.82714	12.5954	2.4921	-0.331885	0.0377751
DLE_45_10	-0.0704744	2.48099	9.10965	1.75086	0.655849	0.23619
DLE_45_11	-0.0508509	2.02194	7.88443	1.80283	0.973208	0.338486
DLE_45_12	-0.0445557	2.32882	9.521	2.13707	1.1992	0.448243
DLE_45_13	-0.159899	2.70473	9.46641	1.61791	-0.114558	-0.0814848
DLE_45_14	-0.0800648	1.76374	7.3469	1.15419	0.425509	0.118687
DLE_45_15	-0.0453611	1.52735	7.06164	1.31238	1.3379	0.454006
DLE_45_16	-0.0573076	1.23133	6.11816	0.855139	0.271873	0.0519585
DLE_45_17	-0.0237252	0.792022	5.84957	0.601355	1.3991	0.41445
DLE_45_18	-0.0376326	0.868879	5.83576	0.781769	1.29168	0.408144
DLE_45_2	-0.250349	3.78857	12.5857	2.49212	-0.0599068	-0.0261176
DLE_45_3	-0.276287	3.65139	12.2444	2.51068	0.348769	0.129102
DLE_45_4	-0.281567	3.1566	10.8249	2.11685	0.497917	0.242383
DLE_45_5	-0.220616	3.26475	12.3406	2.57154	0.972011	0.364119
DLE_45_6	-0.0900257	2.67518	9.8571	2.7296	1.23602	0.472246
DLE_45_7	-0.0920208	2.85581	11.4245	2.95473	1.89612	0.697348
DLE_45_8	-0.153085	3.07782	11.9862	2.96988	1.37339	0.525139
DLE_45_9	-0.115027	3.32756	11.0322	2.19726	-0.301147	-0.054696
DLE_46_0	-0.206383	3.93742	13.0672	2.60732	-0.451747	0.0416875
DLE_46_1	-0.228538	3.72435	12.3932	2.48717	-0.297817	0.0392219
DLE_46_10	-0.0529565	2.34546	8.84555	1.71477	0.628072	0.22708
DLE_46_11	-0.0471485	1.93107	7.56003	1.78824	0.916241	0.320654
DLE_46_12	-0.0460389	2.2008	9.15477	2.04738	1.14561	0.426833
DLE_46_13	-0.157664	2.57013	9.1926	1.58568	-0.100241	-0.0750568
DLE_46_14	-0.0659137	1.73792	7.17078	1.1703	0.427131	0.118684
DLE_46_15	-0.0462169	1.52803	6.9802	1.31954	1.31093	0.446365
DLE_46_16	-0.0634908	1.23348	5.98971	0.881821	0.276229	0.0536126
DLE_46_17	-0.0249951	0.762984	5.66129	0.629094	1.33507	0.397635
DLE_46_18	-0.0270265	0.889722	5.73818	0.816144	1.29737	0.411524
DLE_46_2	-0.256525	3.66562	12.071	2.49251	-0.0398109	-0.0234681
DLE_46_3	-0.276483	3.50498	11.8883	2.44599	0.34757	0.130283
DLE_46_4	-0.225914	3.01234	10.4921	2.05785	0.479222	0.232899
