gauge	InnerCorner	OuterCorner	SWA	aiBlur	defocus	focusBlur	mse
2L_patten2_1_52	-0.0712933	0.07368730000000001	5.829330000000001	0.12909	0.494904	0.10878499999999999	2.084313109686234
2L_patten2_1_53	-0.06354030000000001	0.0655256	5.0841199999999995	0.25316500000000003	0.428504	0.105025	1.8194290639606374
2L_patten2_1_54	-0.0323487	0.033932	4.3487800000000005	0.396652	0.309872	0.11315499999999999	1.5561283743515786
2L_patten2_1_55	-0.0338635	0.0296914	3.88804	0.519004	0.30030500000000004	0.147624	1.4000263673380053
2L_patten2_1_56	-0.024253900000000002	0.0248342	3.8771199999999997	0.531261	0.300193	0.154105	1.3968535444190207
2L_patten2_1_57	-0.00400471	0.00445956	3.80336	0.55904	0.322447	0.173926	1.3747852283848092
2L_patten2_1_58	-0.0208424	0.0211327	4.22169	0.590345	0.511554	0.257368	1.5420503981689464
2L_patten2_1_59	-0.031700099999999995	0.0347408	3.97231	0.598529	0.522598	0.261073	1.458902868579958
2L_patten2_1_60	-0.041437699999999994	0.0407334	3.5144800000000003	0.788345	0.7653260000000001	0.389357	1.3640566490508583
2L_patten2_1_61	-0.0461898	0.042361699999999995	6.39539	-0.030236700000000002	0.488592	0.0997989	2.2812272401388203
2L_patten2_1_62	-0.0468872	0.0429789	5.76216	0.041730500000000004	0.437197	0.0984174	2.055218496007452
2L_patten2_1_63	-0.0378018	0.036575199999999995	5.58956	0.0810027	0.40192	0.0915962	1.9920315658706316
2L_patten2_1_64	-0.041384699999999996	0.040882999999999996	4.75802	0.21581	0.312301	0.0886922	1.6951834133703252
2L_patten2_1_65	-0.0456628	0.03878669999999999	4.50624	0.281194	0.324207	0.10325799999999999	1.6091477268164245
2L_patten2_1_66	-0.0430548	0.0352759	4.19797	0.362595	0.329558	0.119815	1.5040655911630754
2L_patten2_1_67	-0.0108581	0.00662887	4.2856	0.45291800000000004	0.5303100000000001	0.247063	1.5603040620839774
2L_patten2_1_68	-0.025528099999999998	0.017503599999999998	3.72739	0.668568	0.756505	0.351837	1.4222370654303105
2L_patten_1_39	-0.0883413	0.0838682	6.21741	0.680843	0.47375600000000007	0.160553	2.2314144580126447
2L_patten_1_40	-0.0695216	0.071514	5.6433	0.757955	0.430914	0.143795	2.031287024441049
2L_patten_1_41	-0.07044349999999999	0.0765446	4.88122	1.03979	0.392917	0.142942	1.7819188048636085
2L_patten_1_42	-0.0216155	0.0183685	4.35626	1.09942	0.34468699999999997	0.169203	1.6035736339013442
2L_patten_1_43	-0.039425999999999996	0.040072199999999995	4.5214	1.18718	0.318544	0.252942	1.6667335194273272
2L_patten_1_44	-0.011581900000000001	0.011212100000000001	4.7289900000000005	1.05562	0.281463	0.23977199999999999	1.7238436243314323
2L_patten_1_45	-0.016449000000000002	0.0187118	4.7617400000000005	1.09894	0.305319	0.26401199999999997	1.7403957546951514
2L_patten_1_46	-0.08871330000000001	0.0897661	4.17101	1.36256	0.502361	0.297216	1.585688306762441
2L_patten_1_47	-0.08429400000000001	0.07754950000000001	4.8897	1.4827700000000001	0.68742	0.44528599999999996	1.8620153986098722
2L_patten_1_48	-0.031262200000000004	0.0322843	5.58234	0.42492700000000005	0.43422799999999995	0.116204	1.9976319627771884
2L_patten_1_49	-0.043145499999999996	0.0455821	4.9808900000000005	0.508437	0.39572399999999996	0.10582000000000001	1.7872011275318058
2L_patten_1_50	-0.0456075	0.0395245	4.27313	0.698017	0.315645	0.121124	1.543699949828192
Anchor_4_0	0.0	0.0	-5.99262	-0.524764	-0.09582260000000001	-0.030858899999999998	2.1276562781561275
BAR_ISO_1_1	0.11199400000000001	-0.24296700000000002	-3.06331	-1.7246299999999999	-1.4875	-0.535582	1.555418321579801
BAR_ISO_1_10	0.451056	-0.648522	-4.668080000000001	-1.72967	-1.1042399999999999	-0.439862	1.9124028735717538
BAR_ISO_1_11	0.422969	-0.63827	-5.04263	-1.83205	-1.0731899999999999	-0.41666800000000004	2.0309984748204823
BAR_ISO_1_12	0.11110899999999999	-0.370104	-3.3703300000000005	-1.8713099999999998	-1.5599399999999999	-0.562612	1.6817780129613198
BAR_ISO_1_13	0.12496800000000001	-0.311002	-3.22526	-1.6468599999999998	-1.4580600000000001	-0.541305	1.5770866005887645
BAR_ISO_1_14	0.084854	-0.24913000000000002	-3.2031099999999997	-1.50715	-1.34124	-0.498892	1.5102296263019075
BAR_ISO_1_15	0.119781	-0.264355	-3.19057	-1.28302	-1.19119	-0.44790100000000005	1.4303637847321833
BAR_ISO_1_16	0.0863307	-0.207573	-3.1532	-1.21527	-1.1387399999999999	-0.435812	1.3941937372158635
BAR_ISO_1_17	0.028057099999999998	-0.16363699999999998	-3.14318	-1.21365	-1.11947	-0.439109	1.3844018139665237
BAR_ISO_1_18	0.328973	-0.43724399999999997	-4.8031	-1.7756299999999998	-0.908708	-0.41377600000000003	1.9095319558445794
BAR_ISO_1_19	0.143868	-0.280442	-4.0292699999999995	-1.80482	-1.10601	-0.458287	1.7128754703990086
BAR_ISO_1_2	0.119118	-0.300714	-3.17778	-1.6957400000000002	-1.38775	-0.5179050000000001	1.5461328233792286
BAR_ISO_1_20	0.07804080000000001	-0.228948	-3.9990900000000003	-1.77469	-1.04522	-0.45136499999999996	1.683817756090072
BAR_ISO_1_21	0.309508	-0.5058060000000001	-4.391030000000001	-1.66622	-1.07766	-0.44164499999999995	1.805829864419161
BAR_ISO_1_22	0.29891799999999996	-0.460013	-4.59084	-1.6751200000000002	-1.02855	-0.399975	1.8546067022086516
BAR_ISO_1_23	0.10318900000000002	-0.408855	-3.4472400000000003	-1.8053	-1.61818	-0.5860489999999999	1.7146193110989316
BAR_ISO_1_24	0.09412539999999998	-0.299558	-3.3134300000000003	-1.58804	-1.46256	-0.492167	1.591334251873179
BAR_ISO_1_25	0.0951759	-0.251404	-3.24926	-1.36978	-1.32781	-0.457557	1.5002019370615498
BAR_ISO_1_26	0.127208	-0.28171599999999997	-3.2917699999999996	-1.24515	-1.24704	-0.467317	1.4733213116377992
BAR_ISO_1_27	0.0925617	-0.220317	-3.24713	-1.17747	-1.18858	-0.445161	1.432817663369841
BAR_ISO_1_28	0.0402166	-0.16611199999999998	-3.1996599999999997	-1.13963	-1.15372	-0.41898199999999997	1.4024330044374471
BAR_ISO_1_29	0.24545300000000003	-0.33937399999999995	-4.31571	-1.6751900000000002	-0.891396	-0.413491	1.7378784307602617
BAR_ISO_1_3	0.07856310000000001	-0.217583	-3.14295	-1.56349	-1.27696	-0.47771	1.4788609457142434
BAR_ISO_1_30	0.0530007	-0.177743	-3.77474	-1.7001099999999998	-1.1220700000000001	-0.450367	1.6260916109393442
BAR_ISO_1_31	0.0703437	-0.19611099999999998	-3.83552	-1.61579	-1.02115	-0.416653	1.6072974384374104
BAR_ISO_1_32	0.089306	-0.221162	-3.9538699999999998	-1.63562	-0.995975	-0.41850600000000004	1.639979985666403
BAR_ISO_1_33	0.21140599999999998	-0.366417	-4.10503	-1.42462	-0.9466829999999999	-0.401956	1.6549154847539798
BAR_ISO_1_34	0.0851322	-0.193657	-3.2068	-1.27021	-1.0529	-0.40289	1.3887884014189238
BAR_ISO_1_35	0.0260879	-0.148845	-3.1654400000000003	-1.25015	-1.0076200000000002	-0.397163	1.3605767835012295
BAR_ISO_1_36	0.050879	-0.178974	-3.30537	-1.27552	-0.985667	-0.398688	1.399134236708008
BAR_ISO_1_37	0.0748894	-0.205287	-3.36579	-1.29549	-0.958708	-0.401099	1.413012355501287
BAR_ISO_1_38	0.178198	-0.324558	-3.61826	-1.36553	-0.970352	-0.407992	1.5035282053741126
BAR_ISO_1_39	0.211071	-0.377305	-3.81599	-1.5196100000000001	-1.00452	-0.43771400000000005	1.5920379666979523
BAR_ISO_1_4	0.109357	-0.24199400000000001	-3.19823	-1.33197	-1.13933	-0.426814	1.4208152589526286
BAR_ISO_1_40	0.153449	-0.327856	-3.8741	-1.5888	-0.995099	-0.446999	1.6137861757270153
BAR_ISO_1_41	0.232933	-0.282436	-4.05391	-1.5470899999999999	-0.951219	-0.44053400000000004	1.6534140662514032
BAR_ISO_1_42	0.15474200000000002	-0.18899100000000002	-4.02623	-1.517	-0.935103	-0.434007	1.6348965806520073
BAR_ISO_1_43	0.086423	-0.104354	-3.92766	-1.49637	-0.8995290000000001	-0.428683	1.592765728409117
BAR_ISO_1_44	0.045153	-0.0643413	-3.9217699999999995	-1.4980200000000001	-0.8912690000000001	-0.424875	1.5887936660522775
BAR_ISO_1_5	0.100189	-0.220793	-3.1593400000000003	-1.25088	-1.08333	-0.41298599999999996	1.3827638309499024
BAR_ISO_1_6	0.0267579	-0.149859	-3.09462	-1.26085	-1.05473	-0.41470200000000007	1.355494985212847
BAR_ISO_1_7	0.5258390000000001	-0.6707770000000001	-5.51931	-2.03708	-0.993748	-0.423936	2.1932069337718114
BAR_ISO_1_8	0.085895	-0.22736900000000002	-3.9939400000000003	-1.8831	-1.07812	-0.452549	1.7047186625432875
BAR_ISO_1_9	0.08072710000000001	-0.238067	-4.08373	-1.86295	-1.03158	-0.446194	1.7176359899364377
BicMac_27_0	0.0	0.0	-5.6446	-0.34839499999999995	0.42299799999999993	0.23645500000000003	2.017906747320785
BicMac_27_1	0.0	0.0	-4.55578	-0.296536	0.41624300000000003	0.194717	1.63557155235303
BicMac_27_10	0.0	0.0	-4.9932300000000005	-0.0166565	0.5118779999999999	0.22925500000000001	1.7948272335927369
BicMac_27_11	0.0	0.0	-4.6494599999999995	-0.026034500000000002	0.469735	0.194465	1.6702516888814334
BicMac_27_12	0.0	0.0	-4.51601	-0.0381376	0.441321	0.17761300000000002	1.6206341293428073
BicMac_27_13	0.0	0.0	-4.08948	-0.11783800000000001	0.306829	0.107629	1.4590985475631864
BicMac_27_14	0.0	0.0	-3.97349	-0.168431	0.233654	0.0787417	1.413637798921982
BicMac_27_15	0.0	0.0	-3.81808	-0.239486	0.148572	0.0466672	1.3557049446553553
BicMac_27_16	0.0	0.0	-3.97105	-0.31486	-0.111006	-0.172735	1.4113459576957468
BicMac_27_17	0.0	0.0	-3.6756	-0.740621	-0.935183	-0.389292	1.4505949131895852
BicMac_27_18	0.0	0.0	-3.47019	-0.867094	-1.18355	-0.407317	1.4646821151245157
BicMac_27_2	0.0	0.0	-3.63519	-0.282905	0.33993	0.119925	1.3065068309929535
BicMac_27_3	0.0	0.0	-3.27006	-0.35273499999999997	0.20715300000000003	0.0501088	1.1698804624773336
BicMac_27_4	0.0	0.0	-3.25073	-0.41465100000000005	0.14418599999999998	0.0195975	1.1619990240150402
BicMac_27_5	0.0	0.0	-3.2964900000000004	-0.495042	0.0548597	-0.0196625	1.179053024455565
BicMac_27_6	0.0	0.0	-3.6104	-0.480677	-0.10338499999999999	-0.135486	1.2901773312804716
BicMac_27_7	0.0	0.0	-3.40823	-0.42776000000000003	-0.204713	-0.21543299999999999	1.2232714317096594
BicMac_27_8	0.0	0.0	-3.37456	-0.8476290000000001	-0.9772790000000001	-0.452133	1.3773061159584767
BicMac_27_9	0.0	0.0	-3.4853199999999998	-1.07187	-0.990584	-0.372604	1.4308635733047719
Chain_H_1_1	0.41796099999999997	-0.707789	-6.37328	-0.36351300000000003	-0.301438	-0.0561842	2.28315153881298
Chain_H_1_10	0.555243	-0.9759389999999999	-6.32862	-0.22825900000000002	-0.326441	-0.06618389999999999	2.2827712457754394
Chain_H_1_11	0.537771	-0.978291	-6.355	-0.23613299999999998	-0.338384	-0.0668382	2.2922699792497787
Chain_H_1_112	0.00190694	0.000927428	-3.71884	-0.802688	-1.00316	-0.384972	1.484977982373428
Chain_H_1_113	0.00395692	-0.00113406	-3.90904	-0.803643	-1.053	-0.395708	1.5576209647095218
Chain_H_1_114	0.000791222	0.00162742	-3.88535	-0.807559	-1.04559	-0.39371100000000003	1.5485026288050867
Chain_H_1_115	0.324345	-0.523263	-6.8029	-0.206769	-0.354958	0.00667594	2.425882205225088
Chain_H_1_116	0.20251	-0.367394	-6.457999999999999	-0.330183	-0.484969	-0.0694255	2.3103348825916514
Chain_H_1_117	0.18561	-0.319375	-6.7782800000000005	-0.25161300000000003	-0.259302	0.0399389	2.406972891939147
Chain_H_1_118	0.373273	-0.41775	-6.72289	-0.30585999999999997	-0.197436	0.0359667	2.390682031673333
Chain_H_1_119	0.0966336	-0.190857	-4.14895	-1.38526	-0.842469	-0.350871	1.636721888552006
Chain_H_1_12	0.5457890000000001	-1.00853	-6.759460000000001	-0.353484	-0.389637	-0.0826543	2.439071327675056
Chain_H_1_120	0.11764100000000001	-0.239571	-4.1559099999999995	-1.38561	-0.8367979999999999	-0.353869	1.6389269590457272
Chain_H_1_121	0.07711069999999999	-0.150321	-4.1458900000000005	-1.37509	-0.852418	-0.34731999999999996	1.6358598421727446
Chain_H_1_122	0.07028150000000001	-0.13733800000000002	-4.13357	-1.36618	-0.857031	-0.34584299999999996	1.631707837601383
Chain_H_1_13	0.5151979999999999	-0.93925	-6.25061	-0.24647	-0.329223	-0.0561145	2.252964840021956
Chain_H_1_132	0.012934000000000001	-0.0125822	-4.44369	-1.61715	-0.702168	-0.354085	1.7308370961261001
Chain_H_1_133	0.0193078	-0.0186394	-4.47358	-1.6323	-0.702789	-0.358035	1.7424109633479554
Chain_H_1_134	0.0206295	-0.0204715	-4.47749	-1.6327399999999999	-0.70622	-0.35793400000000003	1.7442390203122429
Chain_H_1_135	0.017618900000000003	-0.0156547	-4.4303	-1.6147799999999999	-0.702418	-0.353421	1.726293267998021
Chain_H_1_136	0.0378538	-0.0334795	-4.40771	-1.55529	-0.7079979999999999	-0.352713	1.71309581531783
Chain_H_1_137	0.0386089	-0.029608299999999997	-4.49416	-1.63832	-0.729789	-0.366533	1.7541399680555747
Chain_H_1_138	0.0407246	-0.0282899	-4.51729	-1.64369	-0.734178	-0.36900900000000003	1.7629274028168378
Chain_H_1_139	0.0222414	-0.0254072	-4.3722	-1.6499	-0.700685	-0.355042	1.7116649893132128
Chain_H_1_14	0.43261499999999997	-0.828105	-6.23724	-0.303782	-0.474012	-0.0609783	2.251281313826553
Chain_H_1_140	0.0260238	-0.023346000000000002	-4.42483	-1.64248	-0.7138329999999999	-0.354406	1.7296083234971666
Chain_H_1_141	0.0732343	-0.12343299999999999	-3.55148	-0.8002670000000001	-0.590677	-0.235406	1.340529297036132
Chain_H_1_142	0.0699126	-0.140374	-3.56334	-0.8070930000000001	-0.59023	-0.236639	1.34510669060045
Chain_H_1_143	0.041363699999999996	-0.252809	-3.87207	-0.671322	-0.461649	-0.161023	1.4219049925572862
Chain_H_1_144	0.0772552	-0.319509	-4.22192	-0.8559190000000001	-0.5312520000000001	-0.175958	1.5629662291715165
Chain_H_1_145	0.0476914	-0.26432100000000003	-3.94357	-0.728107	-0.46708900000000003	-0.172757	1.4507922659634958
Chain_H_1_146	0.05128330000000001	-0.278436	-3.96383	-0.749316	-0.476105	-0.177596	1.4605284819202387
Chain_H_1_15	0.541728	-0.9946780000000001	-6.3295900000000005	-0.22761199999999998	-0.32672399999999996	-0.0662631	2.2837197413228494
Chain_H_1_150	0.140123	-0.205959	-3.9700599999999997	-0.846297	-0.351043	-0.13860799999999998	1.4546715403240518
Chain_H_1_151	0.13833900000000002	-0.20439100000000002	-3.9642699999999995	-0.8408889999999999	-0.35065599999999997	-0.13514400000000001	1.4521788412058185
Chain_H_1_152	0.146991	-0.1977	-3.92215	-0.839701	-0.353498	-0.135016	1.437974350616606
Chain_H_1_153	0.138537	-0.304481	-4.13135	-0.8141229999999999	-0.31648000000000004	-0.135088	1.5067132192417627
Chain_H_1_154	0.255583	-0.24894000000000002	-4.92569	-1.06945	-0.34991500000000003	-0.23854	1.8013072310604041
Chain_H_1_155	0.29038600000000003	-0.271434	-4.9412199999999995	-1.06857	-0.357661	-0.237916	1.8081712299472288
Chain_H_1_156	0.24869499999999997	-0.241894	-4.96569	-1.0683799999999999	-0.34894200000000003	-0.239828	1.8146168307123753
Chain_H_1_16	0.17121	-0.559379	-6.22357	-0.315944	-0.5620609999999999	-0.103024	2.239788314035391
Chain_H_1_167	0.0608275	-0.11631500000000002	-4.18332	-1.39048	-0.717248	-0.42095	1.6267822149796685
Chain_H_1_168	0.110489	-0.204236	-3.9154400000000003	-1.1775	-0.506017	-0.275146	1.4838700137057155
Chain_H_1_169	0.0976407	-0.20951199999999998	-3.75697	-1.04869	-0.46804399999999996	-0.252171	1.4137180169896633
Chain_H_1_17	0.250575	-0.6697270000000001	-6.4271	-0.269609	-0.552308	-0.111568	2.313525591690391
Chain_H_1_170	0.098256	-0.155303	-3.78188	-1.17929	-0.455309	-0.271853	1.4327830179364651
Chain_H_1_171	0.11150299999999999	-0.218602	-3.9523800000000002	-1.1776	-0.504469	-0.274532	1.4961243227385885
Chain_H_1_172	0.0703587	-0.13148900000000002	-3.42109	-1.0887799999999999	-0.504941	-0.302198	1.3118573784873533
Chain_H_1_173	0.10924	-0.20688	-3.9502300000000004	-1.18364	-0.504995	-0.275084	1.4958603072994068
Chain_H_1_174	0.0876694	-0.23919400000000002	-3.92827	-1.0224799999999998	-0.5348649999999999	-0.280629	1.4781180846328026
Chain_H_1_175	0.06757200000000001	-0.132235	-3.4177800000000005	-1.10199	-0.49904	-0.30338200000000004	1.3113360344336327
Chain_H_1_18	0.241975	-0.665612	-6.3389	-0.259289	-0.54273	-0.107735	2.28160441410247
Chain_H_1_183	0.0327627	-0.0268303	-4.50815	-1.63165	-0.719965	-0.362093	1.7561908904228414
Chain_H_1_184	0.0441781	-0.042911000000000005	-4.54896	-1.5292299999999999	-0.690068	-0.34434899999999996	1.7529451039826378
Chain_H_1_185	0.040436099999999996	-0.0383079	-4.605169999999999	-1.5953700000000002	-0.704901	-0.356084	1.7809179800612875
Chain_H_1_186	0.05274580000000001	-0.0531111	-4.72061	-1.65265	-0.718097	-0.361642	1.8268411446863628
Chain_H_1_187	0.019737599999999998	-0.0189891	-4.45011	-1.6087799999999999	-0.701183	-0.352966	1.7317606667383185
Chain_H_1_188	0.0587081	-0.06070130000000001	-4.71127	-1.61556	-0.706434	-0.354991	1.8178419903307157
Chain_H_1_189	0.281999	-0.29733200000000004	-7.046689999999999	-0.17535699999999999	-0.27279899999999996	-0.055765699999999994	2.5020213699195666
Chain_H_1_19	0.240617	-0.6511520000000001	-6.37092	-0.306044	-0.540903	-0.09244019999999999	2.2926636637580544
Chain_H_1_190	0.29825300000000005	-0.289839	-7.04627	-0.163603	-0.278378	-0.0556533	2.5021298071565923
Chain_H_1_191	0.26763400000000004	-0.302954	-7.06498	-0.16626	-0.28478600000000004	-0.0560841	2.5087708269123747
Chain_H_1_2	0.316819	-0.7906989999999999	-6.51152	-0.225629	-0.332887	-0.06185209999999999	2.3321837215897148
Chain_H_1_20	0.242207	-0.676603	-6.43639	-0.300102	-0.551836	-0.0966102	2.3172326096120033
Chain_H_1_206	0.000904816	0.0012866	-3.7264800000000005	-0.7995140000000001	-1.00403	-0.384183	1.4873509841668406
Chain_H_1_207	0.0037811999999999998	-0.00159647	-3.90538	-0.798098	-1.04589	-0.387876	1.554070287819614
Chain_H_1_208	0.00210867	-9.39e-05	-3.8900900000000003	-0.805524	-1.04206	-0.392036	1.5489122366227848
Chain_H_1_209	0.327961	-0.53015	-6.8224	-0.208925	-0.348642	0.00615559	2.4326451775645954
Chain_H_1_21	0.257195	-0.6743140000000001	-6.41885	-0.270376	-0.553353	-0.111398	2.3110223734509794
Chain_H_1_210	0.21566	-0.37080599999999997	-6.45521	-0.33427199999999996	-0.480196	-0.069346	2.3092762313732633
Chain_H_1_211	0.182469	-0.33070900000000003	-6.783930000000001	-0.249077	-0.262795	0.0402348	2.409232539904488
Chain_H_1_212	0.324706	-0.32687	-6.60102	-0.405047	-0.45936899999999997	-0.0627192	2.3607943427074667
Chain_H_1_213	0.364291	-0.424255	-6.67546	-0.303352	-0.19306800000000002	0.0365315	2.3738062577212955
Chain_H_1_214	0.09333469999999999	-0.190551	-4.147869999999999	-1.3851200000000001	-0.8432620000000001	-0.351099	1.636495757359994
Chain_H_1_215	0.131198	-0.239366	-4.15356	-1.3735899999999999	-0.831817	-0.352202	1.6360441609309861
Chain_H_1_216	0.0677288	-0.141745	-4.13152	-1.36961	-0.8500469999999999	-0.346455	1.6300973387932405
Chain_H_1_217	0.07195449999999999	-0.13783099999999998	-4.14069	-1.36751	-0.855175	-0.345886	1.6337526617308942
Chain_H_1_22	0.387547	-0.668083	-6.91303	-0.340721	-0.340649	-0.0457659	2.471154130513838
Chain_H_1_227	0.0586829	-0.052272000000000006	-4.6871	-1.6101	-0.710976	-0.35526199999999997	1.8100475190968195
Chain_H_1_228	0.056966499999999996	-0.055225199999999995	-4.75701	-1.66179	-0.7217779999999999	-0.364116	1.8402600378188845
Chain_H_1_229	0.020622799999999997	-0.0157967	-4.45404	-1.62261	-0.7056680000000001	-0.356296	1.7353983399928217
Chain_H_1_23	0.38511100000000004	-0.6545569999999999	-6.43687	-0.337161	-0.295793	-0.055856600000000006	2.301883162263605
Chain_H_1_230	0.05670940000000001	-0.051767499999999994	-4.73643	-1.64494	-0.7174510000000001	-0.361282	1.8309910251804764
Chain_H_1_231	0.0506533	-0.0500957	-4.61092	-1.57681	-0.70373	-0.357614	1.7806453840586627
Chain_H_1_232	0.038437400000000004	-0.0349593	-4.72516	-1.67094	-0.7210880000000001	-0.369342	1.8309217050358562
Chain_H_1_233	0.0459523	-0.0290775	-4.54865	-1.66347	-0.736326	-0.370452	1.775671316622728
Chain_H_1_234	0.0532722	-0.055687400000000005	-4.70505	-1.6661400000000002	-0.72756	-0.361643	1.8247696202589725
Chain_H_1_235	0.0415959	-0.05492999999999999	-4.782019999999999	-1.6744900000000003	-0.729128	-0.36186999999999997	1.8507502661876345
Chain_H_1_236	0.0263069	-0.0240118	-4.506869999999999	-1.63529	-0.709164	-0.356157	1.7543840709015173
Chain_H_1_24	0.806455	-1.1554200000000001	-6.49217	-0.401827	-0.38051999999999997	-0.0663607	2.3646852709176356
Chain_H_1_25	0.379934	-0.6307119999999999	-6.37511	-0.34381300000000004	-0.285092	-0.05136810000000001	2.2789485895215638
Chain_H_1_26	0.34759	-0.578487	-6.40888	-0.31602600000000003	-0.290496	-0.054473099999999997	2.2881546167440425
Chain_H_1_27	0.345876	-0.589434	-6.418740000000001	-0.316847	-0.29075	-0.05468049999999999	2.2919498931401527
Chain_H_1_28	0.32763200000000003	-0.587394	-6.3907300000000005	-0.315844	-0.291139	-0.0546793	2.2817437789360655
Chain_H_1_29	0.44264799999999993	-1.05833	-5.08734	-0.57307	-0.158048	-0.049386900000000004	1.8575122381194293
Chain_H_1_3	0.35447399999999996	-0.758375	-6.18922	-0.222991	-0.367476	-0.06929210000000001	2.221116579522347
Chain_H_1_30	0.42863	-0.969251	-5.0685	-0.562372	-0.186525	-0.0585536	1.8451601876677592
Chain_H_1_31	0.43052399999999996	-0.965726	-5.03946	-0.563408	-0.18223399999999998	-0.0582356	1.8348904042575458
Chain_H_1_32	0.443877	-0.924959	-5.04486	-0.5582020000000001	-0.204199	-0.0574303	1.8351828168255844
Chain_H_1_33	0.4405	-1.0285	-5.16884	-0.579009	-0.155144	-0.0487516	1.88343424919718
Chain_H_1_34	0.424778	-0.996417	-4.96161	-0.5546979999999999	-0.182008	-0.058252	1.8097417247418555
Chain_H_1_35	0.428546	-0.993374	-4.93958	-0.5608569999999999	-0.173316	-0.057565899999999996	1.8020087357325647
Chain_H_1_36	0.304296	-0.5199699999999999	-6.878939999999999	-0.29447	-0.381579	-0.0476299	2.4548057246988253
Chain_H_1_37	0.24309	-0.4684	-6.37875	-0.3081	-0.333264	-0.0577289	2.2748185583575453
Chain_H_1_38	0.28765300000000005	-0.512895	-6.486669999999999	-0.307108	-0.33663699999999996	-0.057714999999999995	2.3146358507476394
Chain_H_1_39	0.22704499999999997	-0.5012850000000001	-6.33362	-0.310954	-0.33264499999999997	-0.0578193	2.2596894680822155
Chain_H_1_4	0.369083	-0.779806	-6.197030000000001	-0.211554	-0.343123	-0.06847160000000001	2.223458570384621
Chain_H_1_40	0.257646	-0.47197799999999995	-6.24697	-0.395529	-0.289695	-0.0298048	2.2283087748817216
Chain_H_1_41	0.328398	-0.563896	-6.92433	-0.378979	-0.41937700000000006	-0.0711165	2.476097830698543
Chain_H_1_42	0.87218	-1.4722	-7.088660000000001	-0.414704	-0.369786	-0.0765441	2.5924224880468656
Chain_H_1_43	1.02026	-1.61127	-7.3987	-0.45231400000000005	-0.38297600000000004	-0.0823962	2.716368718266135
Chain_H_1_44	0.879202	-1.46795	-6.55916	-0.342522	-0.37368	-0.06731619999999999	2.4106849722477857
Chain_H_1_45	0.859037	-1.4282299999999999	-6.6050699999999996	-0.361565	-0.37461500000000003	-0.0604636	2.422811628459638
Chain_H_1_46	0.868822	-1.46641	-6.497269999999999	-0.34168000000000004	-0.358015	-0.06692469999999999	2.3881340981828543
Chain_H_1_47	0.8590469999999999	-1.46261	-6.6084	-0.341327	-0.357001	-0.067807	2.4251698747842902
Chain_H_1_48	0.07639560000000001	-0.126942	-3.56264	-0.801724	-0.595308	-0.23567800000000003	1.345168886474639
Chain_H_1_49	0.0717414	-0.127031	-3.55082	-0.802272	-0.588878	-0.235688	1.3402018256504764
Chain_H_1_5	0.287907	-0.740861	-6.47641	-0.306791	-0.41394	-0.0831383	2.3235404993102087
Chain_H_1_50	0.043092	-0.24961399999999997	-3.8784	-0.672963	-0.466188	-0.161098	1.4246480332201792
Chain_H_1_51	0.0799322	-0.318271	-4.2235	-0.853584	-0.528307	-0.175675	1.562947137840314
Chain_H_1_52	0.051049300000000006	-0.26769699999999996	-3.9479599999999997	-0.723071	-0.465754	-0.170599	1.4518682762147141
Chain_H_1_53	0.049605500000000004	-0.278009	-3.96611	-0.7428899999999999	-0.47238800000000003	-0.175034	1.460383167301447
Chain_H_1_57	0.140335	-0.209064	-3.9926699999999995	-0.8573569999999999	-0.34579	-0.13844	1.4627779320769263
Chain_H_1_58	0.149482	-0.192687	-3.9231300000000005	-0.8460790000000001	-0.351827	-0.134795	1.4385664837454508
Chain_H_1_59	0.146805	-0.200922	-3.92547	-0.8427129999999999	-0.353099	-0.134608	1.4393382726293442
Chain_H_1_6	0.35076	-0.774539	-6.1912	-0.186377	-0.33146	-0.0676071	2.219876262909163
Chain_H_1_60	0.140157	-0.317819	-4.1322	-0.812897	-0.317133	-0.135536	1.5073412561685393
Chain_H_1_61	0.255742	-0.243216	-4.9488900000000005	-1.06928	-0.34909	-0.238552	1.8090718782266504
Chain_H_1_62	0.277239	-0.25419	-5.01318	-1.07524	-0.351677	-0.23726599999999998	1.8322429588131863
Chain_H_1_63	0.256236	-0.234276	-4.9507	-1.0693	-0.348914	-0.23899099999999998	1.8095481047813085
Chain_H_1_7	0.275027	-0.673504	-6.01184	-0.286995	-0.40220700000000004	-0.054261699999999996	2.1576054304773815
Chain_H_1_74	0.0593727	-0.11431400000000001	-4.17327	-1.3838	-0.7151310000000001	-0.41910299999999995	1.6224041615413405
Chain_H_1_75	0.106902	-0.212769	-3.93909	-1.17969	-0.504831	-0.274321	1.4918366296234067
Chain_H_1_76	0.10008600000000001	-0.210272	-3.7759099999999997	-1.06544	-0.46833400000000003	-0.253143	1.4216619600047773
Chain_H_1_77	0.102369	-0.15009	-3.76931	-1.1693200000000001	-0.457225	-0.270994	1.4277874232826118
Chain_H_1_78	0.11043800000000001	-0.20388	-3.9292199999999995	-1.18155	-0.5046430000000001	-0.275437	1.4886425456796202
Chain_H_1_79	0.11061800000000001	-0.203347	-3.987	-1.20254	-0.504879	-0.276616	1.5098461271480614
Chain_H_1_8	0.359377	-0.76603	-6.218319999999999	-0.202237	-0.347073	-0.0685522	2.230202782868349
Chain_H_1_80	0.08374830000000001	-0.231609	-3.9229199999999995	-1.04582	-0.531868	-0.284351	1.477887153375846
Chain_H_1_81	0.0675381	-0.127649	-3.4190099999999997	-1.09984	-0.500484	-0.302825	1.311644423578929
Chain_H_1_89	0.016949900000000004	-0.0152627	-4.5066	-1.63357	-0.716382	-0.36142199999999997	1.7553044652522998
Chain_H_1_9	0.510469	-0.972951	-6.752739999999999	-0.348977	-0.38501199999999997	-0.0797461	2.433607324102129
Chain_H_1_90	0.023625999999999998	-0.0162867	-4.4057900000000005	-1.53804	-0.694607	-0.34481999999999996	1.7082049604745875
Chain_H_1_91	0.0261637	-0.0218257	-4.45971	-1.59768	-0.70904	-0.354672	1.7348184688628874
Chain_H_1_92	0.023112	-0.017929499999999998	-4.47359	-1.62256	-0.705603	-0.35655	1.741670130813426
Chain_H_1_93	0.020622400000000003	-0.0189495	-4.45179	-1.61418	-0.702304	-0.353589	1.7331154588486384
Chain_H_1_94	0.0196894	-0.0182638	-4.44185	-1.60256	-0.699489	-0.35151	1.7280901697548148
Chain_H_1_95	0.292779	-0.280038	-7.05099	-0.182279	-0.27883600000000003	-0.056371300000000006	2.503753499907132
Chain_H_1_96	0.293045	-0.286738	-7.02873	-0.176803	-0.276427	-0.0551888	2.4958635837373615
Chain_H_1_97	0.27176500000000003	-0.297572	-7.0197199999999995	-0.18413800000000002	-0.28187199999999996	-0.055972900000000006	2.492846501254625
Chain_V_1_100	0.0608778	-0.237533	-4.06901	-1.42585	-1.01033	-0.359984	1.6523433073281804
Chain_V_1_101	0.06754600000000001	-0.22636199999999998	-3.96169	-1.32976	-0.988943	-0.349179	1.6037067327229753
Chain_V_1_102	0.0668426	-0.232823	-3.9831800000000004	-1.3370600000000001	-0.991301	-0.34913	1.611755704705538
Chain_V_1_103	0.064714	-0.229316	-4.01356	-1.37415	-1.0043	-0.355575	1.628112975056438
Chain_V_1_104	0.231923	-0.471983	-6.38762	-0.252279	-0.348511	0.023009599999999998	2.277794969414339
Chain_V_1_105	0.199126	-0.4448	-6.0308	-0.353562	-0.146766	0.0751472	2.144857827737536
Chain_V_1_106	0.151621	-0.284981	-3.7249800000000004	-0.856713	-1.23059	-0.48711400000000005	1.5610081500454682
Chain_V_1_107	0.151299	-0.28733600000000004	-3.6808199999999998	-0.883445	-1.29035	-0.497022	1.5682954337714083
Chain_V_1_108	0.147154	-0.279337	-3.7225	-0.8562069999999999	-1.23317	-0.48651700000000003	1.560793214767855
Chain_V_1_109	0.566153	-0.719234	-7.404260000000001	-0.24050300000000002	-0.0171472	0.08445599999999999	2.639288481345719
Chain_V_1_110	0.48528999999999994	-0.600838	-7.3992	-0.24561100000000002	-0.184641	0.055958900000000006	2.6341603592225837
Chain_V_1_111	0.50327	-0.6164569999999999	-7.404	-0.240594	-0.174949	0.059967999999999994	2.6364232166282595
Chain_V_1_123	0.0857668	-0.171699	-3.5088800000000004	-1.14933	-1.05821	-0.40565300000000004	1.4660326719838241
Chain_V_1_124	0.07707330000000001	-0.140259	-3.4850199999999996	-1.1397700000000002	-1.06184	-0.399806	1.4582699650780495
Chain_V_1_125	0.0853409	-0.15801099999999998	-3.50165	-1.14688	-1.05586	-0.402444	1.4626867057819408
Chain_V_1_126	0.083483	-0.12470999999999999	-3.46826	-1.12921	-1.0671700000000002	-0.396613	1.453458029388792
Chain_V_1_127	0.390544	-0.523332	-4.4372300000000005	-1.38055	-1.28735	-0.43670600000000004	1.843361453008335
Chain_V_1_128	0.404183	-0.522977	-4.594130000000001	-1.30007	-1.2716	-0.436092	1.879965332601974
Chain_V_1_129	0.0956398	-0.111353	-3.82194	-1.53118	-1.04098	-0.411314	1.5966128720571653
Chain_V_1_130	0.0948169	-0.11199999999999999	-3.762	-1.48224	-1.06091	-0.41585200000000005	1.57800255989691
Chain_V_1_131	0.0955733	-0.10287	-3.8358199999999996	-1.52387	-1.04513	-0.41084899999999996	1.6008239438400886
Chain_V_1_147	0.0945931	-0.24691	-4.887580000000001	-0.681643	-0.326017	0.0178127	1.7586275324690313
Chain_V_1_148	0.104594	-0.23353200000000002	-4.85	-0.692074	-0.31799499999999997	0.00876831	1.7453646776773921
Chain_V_1_149	0.09106089999999999	-0.23378400000000002	-4.85277	-0.691596	-0.325284	0.00956184	1.7467165345668207
Chain_V_1_157	0.08623869999999999	-0.155051	-3.58017	-0.781669	-0.566912	-0.220381	1.3450296006423375
Chain_V_1_158	0.115068	-0.206742	-3.64121	-0.773367	-0.56334	-0.237273	1.3656886551894798
Chain_V_1_159	0.0689462	-0.126433	-3.5424800000000003	-0.7662	-0.570112	-0.227543	1.3315322361317639
Chain_V_1_160	0.373791	-0.7375189999999999	-5.12599	-0.798144	-0.36655	-0.10576300000000001	1.8711869171580306
Chain_V_1_161	0.47522	-0.852151	-5.54951	-0.7956489999999999	-0.414704	-0.111615	2.0282538696368544
Chain_V_1_162	0.359396	-0.732594	-5.153569999999999	-0.75584	-0.35567600000000005	-0.098879	1.8770232621001595
Chain_V_1_163	0.47580100000000003	-0.852793	-5.542330000000001	-0.798772	-0.413317	-0.11177000000000001	2.0258975291738293
Chain_V_1_164	0.304832	-0.667618	-4.96119	-0.781563	-0.39004	-0.122127	1.8108765795239194
Chain_V_1_165	0.337378	-0.670899	-4.91098	-0.868268	-0.409028	-0.13747	1.8012618139293703
Chain_V_1_166	0.327135	-0.68167	-5.0465	-0.835449	-0.42465699999999995	-0.13984000000000002	1.8472068274584537
Chain_V_1_176	0.173871	-0.305088	-4.17815	-1.22547	-0.731471	-0.318098	1.6120003010589048
Chain_V_1_177	0.169631	-0.31006100000000003	-4.1772800000000005	-1.22394	-0.7295470000000001	-0.318441	1.6113166575812312
Chain_V_1_178	0.172965	-0.306542	-4.17945	-1.22843	-0.729061	-0.318184	1.612318142435295
Chain_V_1_179	0.170019	-0.30996399999999996	-4.179209999999999	-1.2207299999999999	-0.7279359999999999	-0.31819200000000003	1.6113612532502215
Chain_V_1_180	0.06353020000000001	-0.122029	-3.8073599999999996	-1.16103	-0.792361	-0.35785	1.4947605359687233
Chain_V_1_181	0.0840865	-0.18391500000000002	-3.87205	-1.17336	-0.796821	-0.361675	1.5184704509207305
Chain_V_1_182	0.07338760000000001	-0.128722	-3.77184	-1.13449	-0.800772	-0.353595	1.4825879590598818
Chain_V_1_192	0.0121971	-0.17760499999999999	-3.7265800000000002	-1.2960200000000002	-0.938939	-0.352593	1.5152516211377822
Chain_V_1_193	0.053892999999999996	-0.22282	-3.79331	-1.2947600000000001	-0.943896	-0.350934	1.5376171122207651
Chain_V_1_194	0.0654438	-0.235673	-3.87676	-1.3834	-0.9947290000000001	-0.368688	1.585373635107606
Chain_V_1_195	0.0495974	-0.216565	-3.7820400000000003	-1.24949	-0.921831	-0.34299	1.524031308766111
Chain_V_1_196	0.054173400000000003	-0.215038	-3.78009	-1.26829	-0.9290879999999999	-0.345339	1.5270759882478246
Chain_V_1_197	0.053887	-0.22185900000000003	-3.79455	-1.29595	-0.944406	-0.351101	1.5382295553801049
Chain_V_1_198	0.22580300000000003	-0.469951	-6.4277	-0.27702	-0.350265	0.022128799999999997	2.292172951101052
Chain_V_1_199	0.20138599999999998	-0.460074	-6.01095	-0.35438400000000003	-0.14970999999999998	0.0753022	2.138406006879097
Chain_V_1_200	0.144859	-0.282762	-3.8490900000000003	-0.871009	-1.26288	-0.49663599999999997	1.6088168783457768
Chain_V_1_201	0.147802	-0.28204	-3.7775300000000005	-0.890272	-1.3123200000000002	-0.49991800000000003	1.603908448198182
Chain_V_1_202	0.141645	-0.278306	-3.84896	-0.8696719999999999	-1.26662	-0.496921	1.6096680231605989
Chain_V_1_203	0.568341	-0.722934	-7.39895	-0.253808	-0.016658199999999998	0.0830506	2.637760758509078
Chain_V_1_204	0.490782	-0.600669	-7.42428	-0.24201	-0.186184	0.0571733	2.6430908707748277
Chain_V_1_205	0.500846	-0.606834	-7.4152	-0.239914	-0.175397	0.0607101	2.6400241955741857
Chain_V_1_218	0.084088	-0.162677	-3.54429	-1.10806	-1.0197	-0.389453	1.4617780728868355
Chain_V_1_219	0.0768978	-0.131891	-3.54299	-1.10921	-1.0279399999999999	-0.384376	1.4630516187024059
Chain_V_1_220	0.0817517	-0.154053	-3.5441199999999995	-1.1102	-1.02156	-0.38795999999999997	1.4622334690492267
Chain_V_1_221	0.0786939	-0.12443	-3.52875	-1.10371	-1.03958	-0.381465	1.461147800396242
Chain_V_1_222	0.359254	-0.47660600000000003	-4.565259999999999	-1.3259999999999998	-1.2238200000000001	-0.410854	1.8580264654287084
Chain_V_1_223	0.38955500000000004	-0.49775200000000003	-4.55492	-1.29467	-1.2359	-0.411178	1.8565556329030717
Chain_V_1_224	0.0899407	-0.10566500000000001	-3.9740699999999998	-1.5211700000000001	-1.0075	-0.384639	1.6324659592876083
Chain_V_1_225	0.0897956	-0.10476600000000001	-3.8013800000000004	-1.44066	-1.01739	-0.392727	1.5733925144955232
Chain_V_1_226	0.0879847	-0.10265999999999999	-3.9811400000000003	-1.52516	-1.01966	-0.384923	1.6378779858006478
Chain_V_1_54	0.089124	-0.238825	-4.967890000000001	-0.659602	-0.322774	0.0160793	1.7851048298216794
Chain_V_1_55	0.0988322	-0.22505100000000003	-4.93427	-0.6997329999999999	-0.316492	0.010524799999999999	1.7747420513328789
Chain_V_1_56	0.0912428	-0.22665700000000003	-4.93861	-0.704084	-0.32819	0.0106852	1.7772359809953444
Chain_V_1_64	0.0917796	-0.15609800000000001	-3.6110599999999997	-0.8154710000000001	-0.58663	-0.226886	1.361130912316903
Chain_V_1_65	0.11810699999999999	-0.210021	-3.6702800000000004	-0.811592	-0.5853520000000001	-0.24486599999999997	1.3818269241488785
Chain_V_1_66	0.0745299	-0.127053	-3.5634300000000003	-0.804796	-0.5930439999999999	-0.23584499999999997	1.3452766239305587
Chain_V_1_67	0.355672	-0.696566	-5.16028	-0.7484649999999999	-0.34838800000000003	-0.099386	1.8766458267076196
Chain_V_1_68	0.450479	-0.798049	-5.61698	-0.763666	-0.391662	-0.105698	2.0446525698066043
Chain_V_1_69	0.35031599999999996	-0.69765	-5.173430000000001	-0.711309	-0.33679499999999996	-0.0932143	1.8784553761846625
Chain_V_1_70	0.45478199999999996	-0.799878	-5.601030000000001	-0.76782	-0.392467	-0.106209	2.0396411291467427
Chain_V_1_71	0.284543	-0.623079	-4.90163	-0.735367	-0.373935	-0.119118	1.7842927412310317
Chain_V_1_72	0.334809	-0.64447	-5.0219	-0.8341559999999999	-0.394852	-0.13153399999999998	1.8346580058891424
Chain_V_1_73	0.318011	-0.6622	-5.1063	-0.801385	-0.40683800000000003	-0.132603	1.8631388996357399
Chain_V_1_82	0.173323	-0.30257	-4.01218	-1.20431	-0.729699	-0.319024	1.5559843588588864
Chain_V_1_83	0.168212	-0.306585	-3.99965	-1.20041	-0.726244	-0.318129	1.5509662727239588
Chain_V_1_84	0.174164	-0.30606500000000003	-4.00665	-1.20462	-0.7260810000000001	-0.31874600000000003	1.5536868377435331
Chain_V_1_85	0.160451	-0.305711	-3.97667	-1.1936200000000001	-0.7217560000000001	-0.317185	1.5419645840232115
Chain_V_1_86	0.0617984	-0.118716	-3.93022	-1.17439	-0.795687	-0.341501	1.535403448214286
Chain_V_1_87	0.07972280000000001	-0.179473	-3.96791	-1.13412	-0.767742	-0.345517	1.539349276400983
Chain_V_1_88	0.06805449999999999	-0.12279200000000001	-3.8805699999999996	-1.16029	-0.810883	-0.342237	1.521287513196891
Chain_V_1_98	0.0479847	-0.209075	-3.9576300000000004	-1.35046	-0.9934370000000001	-0.354734	1.6054275032379262
Chain_V_1_99	0.06298680000000001	-0.229042	-4.01297	-1.37173	-1.00479	-0.354959	1.6277593384972195
DLE1_34_0	-0.5643520000000001	5.70753	15.9223	3.0415799999999997	-1.1007799999999999	-0.0100605	6.1165808372209085
DLE1_34_1	-0.7117220000000001	5.898280000000001	16.2481	2.9807200000000003	-0.843568	-0.0104928	6.228128044432852
DLE1_34_10	-0.23105100000000003	3.17319	11.4959	1.4503	0.8999739999999999	0.22807199999999997	4.284616124577455
DLE1_34_11	-0.188096	2.8063	11.3479	1.66021	1.7510700000000001	0.492666	4.313978582346754
DLE1_34_12	-0.20575500000000002	3.02993	11.9859	1.7758200000000002	1.7634400000000001	0.575159	4.551072898001718
DLE1_34_13	-0.54291	4.2424599999999995	13.5436	1.71497	-0.156854	-0.1779	5.059260063519022
DLE1_34_14	-0.30749	2.38076	10.0833	0.964808	0.709484	0.106553	3.706207931045238
DLE1_34_15	-0.163501	1.8027099999999998	9.75141	0.8489030000000001	2.29555	0.67804	3.797293721548775
DLE1_34_16	-0.07137130000000001	1.3712799999999998	7.72975	0.729144	0.388802	0.0239165	2.7977728133437663
DLE1_34_17	-0.119478	0.9739200000000001	9.86315	-0.352015	2.77141	0.7388020000000001	3.9044270738661675
DLE1_34_18	-0.10924	0.9344290000000001	8.15987	0.126843	2.06495	0.593348	3.1746806109787244
DLE1_34_2	-0.648021	6.27107	17.4867	3.00867	-0.233456	-0.10864000000000001	6.659188482668599
DLE1_34_3	-0.481781	5.73474	16.8058	2.6996599999999997	0.478375	0.137935	6.359520299728402
DLE1_34_4	-0.325006	4.47496	14.1541	1.9870599999999998	0.674535	0.283353	5.313463224166043
DLE1_34_5	-0.270998	4.3288199999999994	14.1555	2.22434	1.27455	0.407005	5.352301810570955
DLE1_34_6	-0.28338800000000003	4.10525	13.8319	2.69771	2.2278	0.689963	5.372357613707796
DLE1_34_7	-0.308539	3.44521	13.0631	2.00894	2.71824	0.835458	5.117489203149151
DLE1_34_8	-0.21159	3.9263	14.2139	2.6358099999999998	1.7930000000000001	0.641215	5.414087564636643
DLE1_34_9	-0.49266800000000005	5.02064	14.6393	2.64013	-0.714661	-0.140829	5.570917703986571
DLE1_35_0	-0.540588	5.53534	15.4706	2.90482	-1.00045	-0.00993442	5.93414344275929
DLE1_35_1	-0.617046	5.53297	15.5045	2.7894200000000002	-0.8442290000000001	-0.0150661	5.9298322254313005
DLE1_35_10	-0.21488400000000002	3.10929	11.2129	1.45823	0.864893	0.22479899999999997	4.181268869541936
DLE1_35_11	-0.167255	2.83157	11.405	1.68661	1.7593599999999998	0.496986	4.3373015675795035
DLE1_35_12	-0.20108099999999998	2.94122	11.5955	1.7611	1.6929299999999998	0.555132	4.403897557974711
DLE1_35_13	-0.497996	4.00088	12.8042	1.7038200000000001	-0.172746	-0.179319	4.785750461893685
DLE1_35_14	-0.273336	2.26087	9.73479	0.969355	0.674657	0.104547	3.5754098972019452
DLE1_35_15	-0.151391	1.8110099999999998	9.633980000000001	0.869763	2.2559	0.670713	3.7514971199828846
DLE1_35_16	-0.05962180000000001	1.30444	7.51576	0.720271	0.35821	0.0241836	2.7179055636299525
DLE1_35_17	-0.0905222	0.8846569999999999	9.05666	-0.22188400000000003	2.44666	0.657197	3.5576234782683027
DLE1_35_18	-0.0916649	0.871883	7.892580000000001	0.169059	1.9576200000000001	0.5638569999999999	3.0599171829297727
DLE1_35_2	-0.53666	5.7693900000000005	16.5813	2.8962	-0.28726999999999997	-0.112347	6.2964428753941
DLE1_35_3	-0.433724	5.37983	16.0744	2.5735200000000003	0.39876500000000004	0.120603	6.0686861587451535
DLE1_35_4	-0.27222399999999997	4.19488	13.6246	1.9052099999999998	0.628652	0.270715	5.101342605716815
DLE1_35_5	-0.271007	4.18313	13.749	2.195	1.2272299999999998	0.395549	5.197352533033646
DLE1_35_6	-0.27663499999999996	3.91574	13.4027	2.54323	2.02389	0.641998	5.174583152559598
DLE1_35_7	-0.313582	3.47725	13.0599	2.10946	2.69255	0.843041	5.119333518266868
DLE1_35_8	-0.21906599999999998	3.9803800000000003	14.2711	2.67624	1.79045	0.645408	5.4400328089350705
DLE1_35_9	-0.404248	4.7122	13.8998	2.45887	-0.652059	-0.130961	5.27862932734872
DLE1_36_0	-0.47161499999999995	5.27006	14.8937	2.8405400000000003	-0.9747889999999999	-0.0137639	5.708959521247405
DLE1_36_1	-0.543238	5.3840900000000005	15.0499	2.6981900000000003	-0.772625	-0.0157489	5.753850321073818
DLE1_36_10	-0.178814	2.99582	10.8798	1.46397	0.820152	0.219652	4.055649809683892
DLE1_36_11	-0.138035	2.76131	10.789000000000001	1.68197	1.65025	0.47518900000000003	4.112043446260114
DLE1_36_12	-0.17208099999999998	2.89836	11.3156	1.7728599999999999	1.6417099999999998	0.54597	4.3011576481361535
DLE1_36_13	-0.466293	3.71863	12.2277	1.59398	-0.197697	-0.18068199999999998	4.55868616031116
DLE1_36_14	-0.250891	2.1335900000000003	9.35623	0.9395370000000001	0.60735	0.096167	3.4306120505064217
DLE1_36_15	-0.14796600000000001	1.7713900000000002	9.27009	0.889086	2.1624	0.649062	3.611335655830748
DLE1_36_16	-0.08562869999999999	1.27844	7.24574	0.7330939999999999	0.331993	0.024229	2.6222881508543185
DLE1_36_17	-0.09346139999999999	0.859375	8.633410000000001	-0.150738	2.3561400000000003	0.6372680000000001	3.397904652121712
DLE1_36_18	-0.09904199999999999	0.8927440000000001	7.595339999999999	0.221402	1.8821599999999998	0.545226	2.9468173492002347
DLE1_36_2	-0.467208	5.57776	16.2149	2.7775	-0.279457	-0.102501	6.146258753221467
DLE1_36_3	-0.392837	5.16366	15.6173	2.5565700000000002	0.37338000000000005	0.11599999999999999	5.891577768648533
DLE1_36_4	-0.22011599999999998	4.05106	13.210999999999999	1.8605900000000002	0.554451	0.248973	4.942621895488365
DLE1_36_5	-0.22886199999999998	4.0995800000000004	13.5097	2.17956	1.19089	0.387832	5.105468642930441
DLE1_36_6	-0.248365	3.6958599999999997	12.583	2.481	1.8696599999999999	0.58822	4.861085329276079
DLE1_36_7	-0.264412	3.32594	12.4976	2.01556	2.53747	0.808563	4.890735049440588
DLE1_36_8	-0.197689	3.8017800000000004	13.7409	2.6238	1.71653	0.6226550000000001	5.237084068578215
DLE1_36_9	-0.333418	4.55724	13.5176	2.43847	-0.6462760000000001	-0.13081600000000002	5.1334854206426845
DLE1_37_0	-0.49651999999999996	5.18349	14.7637	2.8094200000000003	-0.969197	-0.0154504	5.654567250309558
DLE1_37_1	-0.53982	5.40267	15.1117	2.71035	-0.774317	-0.014893	5.77698715838018
DLE1_37_10	-0.187568	2.98734	10.8486	1.4574799999999999	0.818404	0.21850300000000003	4.044021062372218
DLE1_37_11	-0.149673	2.8042700000000003	10.9153	1.68822	1.66956	0.479793	4.160418942274294
DLE1_37_12	-0.18140699999999998	2.85043	11.2064	1.7549400000000002	1.62753	0.540265	4.258220329860146
DLE1_37_13	-0.45570299999999997	3.71772	12.204	1.59004	-0.201128	-0.180425	4.550396425340132
DLE1_37_14	-0.240062	2.13845	9.31369	0.937917	0.605011	0.09545819999999999	3.416180891720373
DLE1_37_15	-0.14607699999999998	1.7492400000000001	9.2129	0.887209	2.1495	0.645142	3.588577438160106
DLE1_37_16	-0.07894889999999999	1.26778	7.24492	0.733487	0.334465	0.025204	2.6214643759040293
DLE1_37_17	-0.0860441	0.865557	8.68699	-0.159477	2.36883	0.640048	3.4185075111447905
DLE1_37_18	-0.0954328	0.889595	7.596239999999999	0.220558	1.8825	0.545188	2.947046049810912
DLE1_37_2	-0.41723000000000005	5.48473	15.8808	2.7460000000000004	-0.270889	-0.102386	6.023156296014563
DLE1_37_3	-0.402344	5.15832	15.5828	2.55004	0.37354299999999996	0.11530399999999999	5.879289964456795
DLE1_37_4	-0.218808	4.05529	13.2394	1.8624599999999998	0.553732	0.249218	4.952596421721136
DLE1_37_5	-0.22819699999999998	4.04683	13.3375	2.16169	1.17373	0.38447800000000004	5.0407274586238175
DLE1_37_6	-0.247639	3.7915300000000003	12.9043	2.50261	1.9186299999999998	0.599503	4.982768647988661
DLE1_37_7	-0.27726799999999996	3.23409	12.3691	1.97097	2.51973	0.798192	4.836059882672928
DLE1_37_8	-0.20465	3.7572400000000004	13.619000000000002	2.59538	1.70104	0.6167159999999999	5.1893260912901304
DLE1_37_9	-0.348416	4.5426	13.57	2.45729	-0.650712	-0.130636	5.150571894198789
DLE1_38_0	-0.47965699999999994	4.91951	14.3517	2.71024	-0.953685	-0.0155088	5.482667336546846
DLE1_38_1	-0.5293800000000001	5.065580000000001	14.4417	2.63127	-0.75758	-0.0204101	5.513039356438085
DLE1_38_10	-0.19198800000000002	2.8006599999999997	10.4609	1.40829	0.753595	0.204173	3.889724737173699
DLE1_38_11	-0.136534	2.6190599999999997	10.4277	1.65808	1.5705200000000001	0.464721	3.968309435581432
DLE1_38_12	-0.153806	2.7037400000000003	10.7863	1.6939799999999998	1.53306	0.5134380000000001	4.090570554248514
DLE1_38_13	-0.423034	3.5710599999999997	11.7156	1.5508600000000001	-0.196248	-0.16632	4.369426157450026
DLE1_38_14	-0.22519299999999998	2.09957	9.044089999999999	0.9473940000000001	0.568854	0.0928977	3.3191007817272262
DLE1_38_15	-0.131193	1.70862	8.97095	0.906698	2.06156	0.6302989999999999	3.4889827457934284
DLE1_38_16	-0.0691904	1.26155	7.0109699999999995	0.7470399999999999	0.312409	0.0249137	2.539721531456324
DLE1_38_17	-0.07803099999999999	0.8232709999999999	8.32736	-0.0990607	2.24506	0.624603	3.2701225834572223
DLE1_38_18	-0.08125650000000001	0.857298	7.3147199999999994	0.273725	1.8142200000000002	0.529841	2.8389375355073914
DLE1_38_2	-0.377758	5.38741	15.6743	2.75411	-0.287071	-0.102854	5.944466946446955
DLE1_38_3	-0.37205900000000003	4.82525	14.9764	2.4144200000000002	0.337497	0.109298	5.633572413289501
DLE1_38_4	-0.218171	3.9020300000000003	12.8577	1.8485200000000002	0.526638	0.24303000000000002	4.807572393066133
DLE1_38_5	-0.20051	3.9560199999999996	13.2171	2.1491599999999997	1.15224	0.384209	4.9891320290279575
DLE1_38_6	-0.220567	3.6917699999999996	12.5206	2.4885900000000003	1.85665	0.587699	4.838945622041412
DLE1_38_7	-0.270372	3.1774400000000003	12.1331	1.9691599999999998	2.41588	0.763163	4.7348545248950495
DLE1_38_8	-0.156362	3.70076	13.5064	2.5941799999999997	1.68042	0.618345	5.144493040539429
DLE1_38_9	-0.34459	4.204330000000001	12.956	2.2953799999999998	-0.6415890000000001	-0.131671	4.901199916199144
DLE1_39_0	-0.45080299999999995	5.10431	14.6676	2.79714	-0.9631430000000001	-0.0119189	5.612516828883826
DLE1_39_1	-0.531353	4.9305	14.1975	2.55745	-0.750505	-0.022868	5.412855291151889
DLE1_39_10	-0.18243499999999999	2.7987900000000003	10.4432	1.40495	0.751121	0.203316	3.8832123364812925
DLE1_39_11	-0.136126	2.56546	10.3319	1.63155	1.5327899999999999	0.46112600000000004	3.92541719203437
DLE1_39_12	-0.159108	2.76468	10.9545	1.73069	1.5629600000000001	0.529462	4.157432965160232
DLE1_39_13	-0.367233	3.40476	11.3168	1.56546	-0.22092199999999998	-0.16458599999999998	4.219321422443676
DLE1_39_14	-0.202931	2.05059	8.819939999999999	0.9613	0.544564	0.091789	3.237661476731122
DLE1_39_15	-0.127531	1.64317	8.70358	0.907668	1.9619099999999998	0.595565	3.3762850892847083
DLE1_39_16	-0.0551393	1.2222600000000001	6.74384	0.7469399999999999	0.285537	0.0246328	2.443856022486475
DLE1_39_17	-0.0678021	0.777509	7.91856	-0.026514	2.09767	0.5761350000000001	3.099314493976176
DLE1_39_18	-0.0744987	0.825227	7.05624	0.32316999999999996	1.73975	0.5145390000000001	2.7369337773855547
DLE1_39_2	-0.429179	5.30278	15.5281	2.7117299999999998	-0.27981999999999996	-0.10371400000000001	5.884563427268171
DLE1_39_3	-0.322869	4.82956	14.9814	2.4163099999999997	0.33474699999999996	0.110571	5.635359202936058
DLE1_39_4	-0.218675	3.9132300000000004	12.9005	1.84743	0.5274399999999999	0.243261	4.82300270083827
DLE1_39_5	-0.191778	3.84372	12.8593	2.09333	1.0892	0.362294	4.850836475302739
DLE1_39_6	-0.224611	3.82345	12.9109	2.50496	1.91572	0.6008819999999999	4.987564435029198
DLE1_39_7	-0.237456	3.27506	12.2982	2.02108	2.43998	0.776814	4.803343082605749
DLE1_39_8	-0.15398399999999998	3.6928900000000002	13.4877	2.59375	1.67661	0.61766	5.1371356942458215
DLE1_39_9	-0.339986	4.18331	12.924000000000001	2.28775	-0.641975	-0.131779	4.8879061276981375
DLE_28_0	-0.5445800000000001	5.60232	16.4941	3.07211	-0.8365819999999999	0.048755400000000004	6.277715914627122
DLE_28_1	-0.494122	5.54821	16.3713	3.0891900000000003	-0.5808439999999999	0.0555914	6.2209784094007885
DLE_28_10	-0.154351	3.3929199999999997	11.7514	1.88295	0.951097	0.31259699999999996	4.415712094537202
DLE_28_11	-0.126283	2.92121	10.7217	2.04457	1.51985	0.482296	4.1055903067373425
DLE_28_12	-0.134171	3.07998	11.9007	2.21115	1.5642	0.559489	4.523180799106725
DLE_28_13	-0.398346	4.32489	13.6488	1.8900599999999999	-0.0821841	-0.11891099999999999	5.108324380315617
DLE_28_14	-0.234842	2.47077	9.85558	1.1725	0.698364	0.16184400000000002	3.642739334177097
DLE_28_15	-0.157724	2.06681	9.593960000000001	1.2678200000000002	1.98787	0.6324810000000001	3.711518053578903
DLE_28_16	-0.230382	1.6998099999999998	8.22971	0.769977	0.40875700000000004	0.0496461	2.9951446700669826
DLE_28_17	-0.0807706	0.951477	8.332289999999999	0.196983	2.14622	0.600581	3.2510992318080536
DLE_28_18	-0.05975980000000001	1.06881	7.8815100000000005	0.41943800000000003	1.8552	0.54837	3.042738588480779
DLE_28_2	-0.525471	5.31839	16.0178	2.97011	-0.0653252	-0.033709300000000005	6.061835537588972
DLE_28_3	-0.46055	5.14987	15.8907	2.8067900000000003	0.519223	0.181948	5.999662142147996
DLE_28_4	-0.473688	4.36121	13.790999999999999	2.24724	0.7511	0.312265	5.199474308322777
DLE_28_5	-0.39334	4.5621599999999995	15.2065	2.69676	1.37981	0.462984	5.759819420578174
DLE_28_6	-0.227147	3.76842	12.6236	3.0037	1.7966099999999998	0.616514	4.907820133400686
DLE_28_7	-0.404604	3.57125	13.1871	2.68063	2.44371	0.820976	5.154998446303015
DLE_28_8	-0.48572299999999996	4.0064	14.5917	2.89284	1.7964900000000001	0.613135	5.563625879730479
DLE_28_9	-0.293247	4.7621400000000005	14.2088	2.63028	-0.5145270000000001	-0.0777712	5.3894874983822145
DLE_29_0	-0.50588	5.5365400000000005	16.4344	3.11134	-0.812533	0.0513749	6.251623776170246
DLE_29_1	-0.47418999999999994	5.2777199999999995	15.78	2.99038	-0.563495	0.0494274	5.989417542756617
DLE_29_10	-0.123197	3.27193	11.495999999999999	1.8794099999999998	0.912048	0.30638000000000004	4.3156729594166565
DLE_29_11	-0.127876	2.8212	10.4373	2.02419	1.4720799999999998	0.471475	3.995832913991478
DLE_29_12	-0.11895	3.15421	12.0758	2.26032	1.58512	0.570121	4.592929840619724
DLE_29_13	-0.385169	4.25292	13.3263	1.8980099999999998	-0.09806039999999999	-0.11939000000000001	4.993389365367294
DLE_29_14	-0.195856	2.43457	9.75492	1.19216	0.6887939999999999	0.162999	3.605465998434616
DLE_29_15	-0.12487000000000001	2.1276900000000003	9.71773	1.3059399999999999	2.00592	0.642031	3.7610796627042644
DLE_29_16	-0.198477	1.6578400000000002	8.03585	0.7827729999999999	0.389708	0.0502926	2.9247562227167916
DLE_29_17	-0.0492345	0.972031	8.3285	0.21377100000000002	2.1476900000000003	0.6024229999999999	3.2511057555588154
DLE_29_18	-0.0620881	1.09289	7.871	0.43483900000000003	1.85369	0.5485760000000001	3.0403417759410414
DLE_29_2	-0.513124	5.3129599999999995	15.9206	2.98264	-0.07606239999999999	-0.0345064	6.0298324301789075
DLE_29_3	-0.419551	4.96684	15.5324	2.75685	0.49307799999999996	0.174583	5.857271669427691
DLE_29_4	-0.461792	4.2824	13.6984	2.25786	0.7246819999999999	0.31017	5.159554164159148
DLE_29_5	-0.37896199999999997	4.39516	14.8732	2.63028	1.33683	0.45142	5.625351301302702
DLE_29_6	-0.185798	3.6896	12.4671	3.03485	1.7377599999999997	0.612444	4.84408251239644
DLE_29_7	-0.342937	3.4571300000000003	13.0536	2.73433	2.33947	0.8017529999999999	5.086803449213931
DLE_29_8	-0.43431800000000004	4.01131	14.5261	2.93552	1.7762	0.6165510000000001	5.542437340390338
DLE_29_9	-0.25737	4.60775	13.9155	2.61176	-0.514157	-0.0778654	5.274456905803954
DLE_30_0	-0.45627299999999993	5.29061	15.8724	2.9847	-0.788297	0.044287599999999996	6.030199550437467
DLE_30_1	-0.45556599999999997	5.21999	15.7056	3.00373	-0.549438	0.051782100000000005	5.958737586380697
DLE_30_10	-0.132324	3.20361	11.2855	1.8586900000000002	0.8873190000000001	0.299713	4.236001923170421
DLE_30_11	-0.123128	2.71197	10.1653	1.97053	1.39517	0.45056	3.8831166068070244
DLE_30_12	-0.10923900000000002	3.01136	11.6469	2.2490200000000002	1.5111299999999999	0.544708	4.429106021748139
DLE_30_13	-0.351707	4.06123	12.9002	1.9049599999999998	-0.11142	-0.118625	4.831053646827134
DLE_30_14	-0.195054	2.36075	9.54117	1.16493	0.6520520000000001	0.156109	3.523174331324115
DLE_30_15	-0.12801600000000002	2.10334	9.570910000000001	1.32226	1.96613	0.632973	3.7045373081024744
DLE_30_16	-0.175564	1.58019	7.7506699999999995	0.783605	0.35856	0.047521	2.8196342729457395
DLE_30_17	-0.056046500000000006	0.9667549999999999	8.12198	0.248763	2.0917	0.5875670000000001	3.170904055633134
DLE_30_18	-0.055175199999999994	1.08512	7.701860000000001	0.464987	1.80575	0.540704	2.9746838086168936
DLE_30_2	-0.531353	5.07123	15.4676	2.88063	-0.0751062	-0.0345248	5.8476758574033
DLE_30_3	-0.470325	4.81553	15.2415	2.74244	0.46832700000000005	0.169654	5.743709681105801
DLE_30_4	-0.43831099999999995	4.10709	13.3673	2.2233099999999997	0.690454	0.299875	5.027527059112835
DLE_30_5	-0.385912	4.269080000000001	14.8234	2.67801	1.2826799999999998	0.447245	5.59480483658131
DLE_30_6	-0.181042	3.55555	12.0887	2.97096	1.65808	0.586581	4.69347616576223
DLE_30_7	-0.36199499999999996	3.5228300000000004	13.1888	2.78038	2.3727	0.816524	5.145048071761587
DLE_30_8	-0.40194	3.9797800000000003	14.6249	3.0042400000000002	1.7671599999999998	0.622472	5.575273506600192
DLE_30_9	-0.24077600000000002	4.409619999999999	13.4815	2.52598	-0.501534	-0.0776088	5.103856030276048
DLE_31_0	-0.418475	5.18725	15.8672	3.01572	-0.752797	0.048433699999999996	6.0171395056065435
DLE_31_1	-0.44524300000000006	5.02773	15.318	2.9228400000000003	-0.537863	0.048303	5.804423431182302
DLE_31_10	-0.109154	3.0518	10.8708	1.82264	0.836398	0.286642	4.077415779704897
DLE_31_11	-0.10893	2.6373599999999997	9.903139999999999	1.9617900000000001	1.34019	0.43661700000000003	3.782646188371128
DLE_31_12	-0.101913	2.96067	11.4014	2.24533	1.46791	0.536521	4.338224232982748
DLE_31_13	-0.325031	3.77569	12.3429	1.79257	-0.122662	-0.11309200000000001	4.6094996398898465
DLE_31_14	-0.16598	2.3176	9.34948	1.17164	0.6286609999999999	0.154074	3.453145639063009
DLE_31_15	-0.12158800000000002	2.05792	9.28553	1.3211899999999999	1.89458	0.6156729999999999	3.594505914191702
DLE_31_16	-0.153171	1.5488600000000001	7.592980000000001	0.7909430000000001	0.348433	0.0488154	2.762878127384426
DLE_31_17	-0.051249199999999995	0.958788	7.91962	0.279885	2.04251	0.5762430000000001	3.093707621172746
DLE_31_18	-0.046343699999999995	1.04195	7.42548	0.502632	1.71268	0.514781	2.8623202459721093
DLE_31_2	-0.471504	4.99751	15.2634	2.86689	-0.081949	-0.0339965	5.770714456763904
DLE_31_3	-0.449479	4.69265	14.8977	2.6979900000000003	0.452524	0.164951	5.613434259303412
DLE_31_4	-0.398212	4.0162	13.0392	2.23699	0.664566	0.295771	4.908229320826313
DLE_31_5	-0.363023	4.18404	14.4144	2.63979	1.23486	0.433708	5.444540101242402
DLE_31_6	-0.169973	3.5147800000000005	12.035	2.98216	1.6482900000000003	0.5865819999999999	4.671880386281217
DLE_31_7	-0.295774	3.4463	13.0353	2.8188	2.30212	0.804024	5.079060808294826
DLE_31_8	-0.351164	3.9382099999999998	14.4886	3.02011	1.7099099999999998	0.612581	5.5206435385396535
DLE_31_9	-0.256424	4.24143	13.1859	2.4807799999999998	-0.47830900000000004	-0.0742873	4.984595859150222
DLE_32_0	-0.420108	5.0273900000000005	15.2644	2.8909599999999998	-0.732024	0.041137900000000005	5.792451637280933
DLE_32_1	-0.382947	4.83215	14.8176	2.8466099999999996	-0.506046	0.0430034	5.6117162841924815
DLE_32_10	-0.108232	3.0005900000000003	10.6725	1.82253	0.80912	0.28060799999999997	4.004402151658971
DLE_32_11	-0.10491700000000001	2.5604400000000003	9.65382	1.96259	1.2909700000000002	0.426113	3.687754119760054
DLE_32_12	-0.0978668	2.82883	11.0173	2.18586	1.40212	0.513336	4.188258522959427
DLE_32_13	-0.305535	3.71939	12.0655	1.77803	-0.13598	-0.11320999999999999	4.510171597685129
DLE_32_14	-0.155165	2.23095	9.02436	1.1685	0.585412	0.14657699999999999	3.332703223088691
DLE_32_15	-0.119929	2.01265	9.0756	1.30883	1.8235299999999999	0.593931	3.50844041797602
DLE_32_16	-0.12391300000000001	1.55692	7.46205	0.801094	0.34307	0.047859	2.7184250420943648
DLE_32_17	-0.052618399999999996	0.955433	7.725169999999999	0.312896	1.9768	0.563826	3.015229900594222
DLE_32_18	-0.0638253	1.0298200000000002	7.292610000000001	0.52315	1.6778099999999998	0.505571	2.8111650311806025
DLE_32_2	-0.42499	4.87489	14.9225	2.81882	-0.0827431	-0.034245599999999994	5.64129454865539
DLE_32_3	-0.396529	4.59054	14.5994	2.7309200000000002	0.43644799999999995	0.162778	5.504868917526976
DLE_32_4	-0.34930700000000003	3.94549	12.7771	2.2035099999999996	0.641267	0.288274	4.8103458743289975
DLE_32_5	-0.344017	4.10375	14.1934	2.71769	1.23607	0.44122100000000003	5.368610590278806
DLE_32_6	-0.131966	3.3980599999999996	11.7299	2.94916	1.57182	0.566372	4.549518615797995
DLE_32_7	-0.290013	3.43844	12.9415	2.90627	2.29389	0.814661	5.053281993886374
DLE_32_8	-0.261382	3.95086	14.3723	3.01642	1.6774799999999999	0.606635	5.478928221723079
DLE_32_9	-0.214538	4.1828199999999995	12.9854	2.47419	-0.461334	-0.07152510000000001	4.910802404400705
DLE_33_0	-0.43815600000000005	5.0839099999999995	15.5523	2.96171	-0.735542	0.0464523	5.898189413921903
DLE_33_1	-0.384795	4.87317	14.9327	2.8695	-0.506612	0.0448476	5.655609947695549
DLE_33_10	-0.107841	3.0005900000000003	10.6728	1.82275	0.809129	0.28065100000000004	4.0045143530708724
DLE_33_11	-0.10503299999999999	2.55995	9.655510000000001	1.9628	1.29122	0.42613599999999996	3.6883121527567493
DLE_33_12	-0.0990371	2.82557	11.0021	2.17211	1.40638	0.513803	4.182637147634633
DLE_33_13	-0.318843	3.62146	11.8264	1.78352	-0.137408	-0.110937	4.420552338707376
DLE_33_14	-0.146758	2.2050799999999997	8.8641	1.16475	0.5712510000000001	0.145092	3.2751500326880256
DLE_33_15	-0.0928005	1.9803400000000002	8.89223	1.31456	1.77263	0.5810270000000001	3.436830380967492
DLE_33_16	-0.118675	1.50125	7.23752	0.808561	0.326992	0.0482941	2.6369112040305036
DLE_33_17	-0.0369454	0.913899	7.39248	0.34996700000000003	1.8521599999999998	0.527666	2.8761461889268416
DLE_33_18	-0.050698400000000005	1.0104	7.0566	0.558387	1.61802	0.49081400000000003	2.720885486227957
DLE_33_2	-0.42789099999999997	4.83081	14.8157	2.8001099999999997	-0.0820322	-0.034555699999999995	5.600075673685066
DLE_33_3	-0.396362	4.59083	14.5996	2.73103	0.436486	0.16281400000000001	5.504972030219909
DLE_33_4	-0.349695	3.9429800000000004	12.7677	2.20212	0.641439	0.288567	4.806902284001062
DLE_33_5	-0.344876	4.10388	14.1892	2.71719	1.23539	0.440824	5.367147517550081
DLE_33_6	-0.131524	3.3944699999999997	11.7296	2.9504099999999998	1.57326	0.567013	4.549383272715998
DLE_33_7	-0.242954	3.3752199999999997	12.800999999999998	2.90266	2.2514	0.808025	4.995016054162652
DLE_33_8	-0.30179	3.8067699999999998	14.05	3.04192	1.63247	0.58701	5.35697918567685
DLE_33_9	-0.191352	4.1828	12.9515	2.4607900000000003	-0.463125	-0.0726419	4.898698835462772
DLE_34_0	-0.386252	4.7973300000000005	14.8318	2.85031	-0.692283	0.0396339	5.620381016608218
DLE_34_1	-0.351966	4.71673	14.5292	2.8012799999999998	-0.486896	0.042820699999999996	5.500332728495301
DLE_34_10	-0.120574	2.96652	10.5235	1.80515	0.7869430000000001	0.27420900000000004	3.9488989953499067
DLE_34_11	-0.0941008	2.5149	9.46626	1.9353799999999999	1.25725	0.41714300000000004	3.6160301449329353
DLE_34_12	-0.0792782	2.77362	10.8919	2.19837	1.35883	0.5004270000000001	4.137560472266904
DLE_34_13	-0.281832	3.37625	11.3587	1.7098200000000001	-0.150315	-0.110095	4.2352973356044314
DLE_34_14	-0.147728	2.11758	8.59676	1.1695799999999998	0.5379010000000001	0.139571	3.1754066868243034
DLE_34_15	-0.0864798	1.91788	8.57082	1.3175299999999999	1.69288	0.558094	3.312657170224985
DLE_34_16	-0.13389	1.48042	7.137560000000001	0.816546	0.317635	0.0482272	2.601107501496018
DLE_34_17	-0.036976199999999994	0.894833	7.25373	0.375759	1.8117299999999998	0.517918	2.821241369274801
DLE_34_18	-0.050093900000000004	1.03074	6.95025	0.583368	1.59066	0.48399	2.6817921167393175
DLE_34_2	-0.39514	4.66856	14.4218	2.76989	-0.0829439	-0.0343425	5.450160690569681
DLE_34_3	-0.394018	4.41107	14.2225	2.66419	0.416055	0.155395	5.356464041585923
DLE_34_4	-0.33765300000000004	3.8379800000000004	12.5284	2.18637	0.6044930000000001	0.277281	4.7137861703706
DLE_34_5	-0.288062	3.99882	13.8494	2.65251	1.19236	0.428108	5.236454840070809
DLE_34_6	-0.120092	3.31302	11.4497	2.9569799999999997	1.52575	0.554351	4.445797575210282
DLE_34_7	-0.221179	3.26713	12.6085	2.87744	2.17935	0.7906310000000001	4.9098216418241964
DLE_34_8	-0.280422	3.7804900000000004	13.9115	3.0649	1.62632	0.5978680000000001	5.31020693771448
DLE_34_9	-0.182536	4.02222	12.597000000000001	2.42542	-0.44544300000000003	-0.0713365	4.761551632491704
DLE_35_0	-0.372266	4.7688	14.8861	2.89319	-0.6665300000000001	0.0442092	5.63672442754789
DLE_35_1	-0.360388	4.53412	14.0833	2.73108	-0.465821	0.03974880000000001	5.328447336238865
DLE_35_10	-0.09798330000000001	2.85908	10.2425	1.8043900000000002	0.761289	0.263948	3.8431256820920825
DLE_35_11	-0.0771225	2.40545	9.10784	1.9182299999999999	1.18282	0.397451	3.478139771048729
DLE_35_12	-0.0750041	2.6669400000000003	10.5854	2.14407	1.32436	0.48156499999999997	4.019633331871543
DLE_35_13	-0.25319400000000003	3.33278	11.138	1.71816	-0.144592	-0.103556	4.157103737882962
DLE_35_14	-0.14071	2.0709	8.45457	1.1628	0.525903	0.13788	3.1222791481069363
DLE_35_15	-0.0878908	1.8792	8.40885	1.31655	1.65504	0.546933	3.249957452971762
DLE_35_16	-0.108227	1.42771	6.95453	0.826608	0.30737600000000004	0.048986800000000004	2.534380519892762
DLE_35_17	-0.0450497	0.8758799999999999	6.98463	0.41767299999999996	1.73636	0.49878599999999995	2.716208935361359
DLE_35_18	-0.044088300000000004	0.9887670000000001	6.75576	0.619767	1.53657	0.471282	2.605505159479609
DLE_35_2	-0.36688699999999996	4.43444	14.024000000000001	2.70948	-0.0884973	-0.035323900000000005	5.289582511278679
DLE_35_3	-0.367698	4.31372	13.989	2.61599	0.403955	0.15128699999999998	5.265350574987244
DLE_35_4	-0.30958600000000003	3.7034	12.1937	2.16614	0.570362	0.265698	4.585793703129972
DLE_35_5	-0.262858	3.8335	13.5878	2.59592	1.15452	0.416141	5.127180617645103
DLE_35_6	-0.120921	3.1895700000000002	11.1735	2.89602	1.48012	0.543462	4.33430544251592
DLE_35_7	-0.211164	3.20127	12.4564	2.8552400000000002	2.10937	0.772784	4.841907381997719
DLE_35_8	-0.246191	3.5318199999999997	13.4956	2.97808	1.52423	0.564893	5.133510954349737
DLE_35_9	-0.160912	3.9611699999999996	12.3898	2.39701	-0.43294799999999994	-0.069735	4.684238949699846
DLE_36_0	-0.303008	4.49598	14.312000000000001	2.74662	-0.635538	0.039789	5.407127521218141
DLE_36_1	-0.33013899999999996	4.33081	13.7648	2.6716599999999997	-0.45267700000000005	0.0369466	5.197216895383282
DLE_36_10	-0.09648839999999999	2.82999	10.0937	1.81105	0.7473850000000001	0.2664	3.7902433493545233
DLE_36_11	-0.06689869999999999	2.3538900000000003	8.93956	1.89867	1.1573200000000001	0.390498	3.4138799730999936
DLE_36_12	-0.0753194	2.57216	10.2913	2.12825	1.30335	0.478788	3.9113198770773074
DLE_36_13	-0.24401599999999998	3.1901599999999997	10.7909	1.68675	-0.148335	-0.101628	4.024947997698464
DLE_36_14	-0.109501	2.02375	8.22385	1.15811	0.501678	0.133733	3.0383673471216825
DLE_36_15	-0.079385	1.8151099999999998	8.155660000000001	1.32589	1.58792	0.5287890000000001	3.150749676738578
DLE_36_16	-0.100473	1.37232	6.7903	0.8281860000000001	0.296505	0.0489484	2.4737007887389737
DLE_36_17	-0.0479401	0.854658	6.73815	0.4551	1.6616099999999998	0.47936000000000006	2.618567102647744
DLE_36_18	-0.043793	0.966943	6.57949	0.6405489999999999	1.48601	0.458372	2.536524943803111
DLE_36_2	-0.319851	4.3344	13.8179	2.66273	-0.08189930000000001	-0.0331781	5.207387093800523
DLE_36_3	-0.350815	4.16995	13.5123	2.53532	0.380714	0.139217	5.086450921094221
DLE_36_4	-0.309477	3.5955	11.9061	2.17624	0.560126	0.265556	4.479486262506743
DLE_36_5	-0.267253	3.76411	13.5195	2.59565	1.10584	0.404729	5.093950815806553
DLE_36_6	-0.09629639999999999	3.07577	10.9153	2.87718	1.42215	0.527606	4.23139269169574
DLE_36_7	-0.187202	3.10345	11.9933	2.84167	2.05097	0.734175	4.673585702160722
DLE_36_8	-0.215579	3.5051400000000004	13.2748	2.98133	1.47117	0.547922	5.05265235245961
DLE_36_9	-0.177097	3.7200900000000003	12.030999999999999	2.32972	-0.42097799999999996	-0.06997460000000001	4.535685630475371
DLE_37_0	-0.309526	4.56625	14.537	2.79521	-0.642447	0.042219400000000004	5.492312926632542
DLE_37_1	-0.326123	4.415080000000001	14.004000000000001	2.73543	-0.45197	0.040049	5.289238076835004
DLE_37_10	-0.0965188	2.80119	10.0229	1.80172	0.738135	0.263284	3.7627209065147333
DLE_37_11	-0.0661867	2.30697	8.7835	1.87805	1.1254600000000001	0.380695	3.3531392871174077
DLE_37_12	-0.07757639999999999	2.64256	10.4561	2.18244	1.32279	0.488308	3.9775931458326803
DLE_37_13	-0.242866	3.1891700000000003	10.7877	1.68609	-0.149044	-0.101699	4.023744291536258
DLE_37_14	-0.109544	2.02402	8.21839	1.1508	0.504107	0.133597	3.0363454892599093
DLE_37_15	-0.0800829	1.7831099999999998	8.050410000000001	1.31322	1.5640399999999999	0.520767	3.1090473643980046
DLE_37_16	-0.10012599999999999	1.37137	6.7857	0.82849	0.29686	0.0492782	2.472084317500903
DLE_37_17	-0.0480726	0.8546590000000001	6.73883	0.454903	1.6624700000000001	0.47969300000000004	2.6189941859044326
DLE_37_18	-0.04429280000000001	0.966038	6.583410000000001	0.642741	1.48571	0.458459	2.5377593896422157
DLE_37_2	-0.319459	4.32983	13.8319	2.66627	-0.0840733	-0.0333253	5.211792526801836
DLE_37_3	-0.350504	4.1685300000000005	13.5109	2.535	0.380427	0.139178	5.08580971733591
DLE_37_4	-0.298374	3.61889	11.8913	2.15899	0.560917	0.264349	4.475815699715304
DLE_37_5	-0.267308	3.76214	13.5117	2.58796	1.10371	0.403733	5.0905089679919655
DLE_37_6	-0.0958847	3.07823	10.9246	2.8776200000000003	1.42424	0.52817	4.234923525205239
DLE_37_7	-0.204521	3.20759	12.4461	2.91628	2.08015	0.766288	4.838760508415159
DLE_37_8	-0.22107800000000002	3.4755599999999998	13.2004	2.90952	1.47576	0.547713	5.020929344370086
DLE_37_9	-0.160802	3.69826	12.0057	2.33633	-0.40510799999999997	-0.06710930000000001	4.524863199628837
DLE_38_0	-0.312211	4.49069	14.3482	2.75506	-0.614123	0.042054900000000006	5.418235194925351
DLE_38_1	-0.328664	4.2363599999999995	13.705	2.6686	-0.41708199999999995	0.0397852	5.166317257979893
DLE_38_10	-0.0832643	2.69981	9.81076	1.7793599999999998	0.713933	0.25599	3.67946450982547
DLE_38_11	-0.0754289	2.2277099999999996	8.6138	1.8529400000000003	1.09835	0.37328	3.2855321976156926
DLE_38_12	-0.0608524	2.4803	9.98756	2.09845	1.24729	0.46207600000000004	3.794587420306089
DLE_38_13	-0.214935	3.09495	10.4938	1.66147	-0.14843699999999999	-0.0992404	3.914415391273711
DLE_38_14	-0.117013	1.96215	8.00809	1.15832	0.478367	0.129474	2.9588469842979372
DLE_38_15	-0.0755672	1.7468	7.9176899999999995	1.31654	1.5227899999999999	0.509509	3.055658290835152
DLE_38_16	-0.10313900000000001	1.31928	6.63121	0.830734	0.28771599999999997	0.0487628	2.4151843023672344
DLE_38_17	-0.0414346	0.8347399999999999	6.52926	0.490453	1.59271	0.462643	2.5346228014301055
DLE_38_18	-0.0375417	0.94429	6.42468	0.6666880000000001	1.44046	0.44525699999999996	2.4758106704151444
DLE_38_2	-0.31238	4.17992	13.4635	2.59211	-0.0760011	-0.0314204	5.0691776295080615
DLE_38_3	-0.34587199999999996	4.078880000000001	13.249	2.52493	0.362043	0.13483299999999998	4.988481323748743
DLE_38_4	-0.29540500000000003	3.4525099999999997	11.6168	2.14526	0.538046	0.258248	4.365982773751761
DLE_38_5	-0.22352600000000003	3.7141800000000003	13.2295	2.61217	1.07208	0.394604	4.991141880872452
DLE_38_6	-0.11241199999999998	2.9999700000000002	10.7297	2.85547	1.37754	0.5142770000000001	4.1570716504691285
DLE_38_7	-0.16881300000000002	3.1215	12.1739	2.96172	2.0870900000000003	0.779313	4.748987384217266
DLE_38_8	-0.199959	3.4036199999999996	13.0113	2.97839	1.44492	0.532158	4.953987294901262
DLE_38_9	-0.140981	3.5893800000000002	11.6841	2.25487	-0.38216999999999995	-0.06532	4.400974102155695
DLE_39_0	-0.302684	4.44016	14.2006	2.71476	-0.6066560000000001	0.0404825	5.361195458884033
DLE_39_1	-0.298168	4.2633	13.6884	2.66463	-0.41969700000000004	0.0392881	5.163176818991296
DLE_39_10	-0.07874439999999999	2.69493	9.80485	1.77807	0.712711	0.255929	3.6768674744005145
DLE_39_11	-0.07511720000000001	2.22811	8.61593	1.8535	1.0989799999999998	0.373594	3.2863861683232667
DLE_39_12	-0.058682000000000005	2.53707	10.1342	2.12807	1.27027	0.471204	3.852493513220366
DLE_39_13	-0.184314	2.97602	10.2164	1.63249	-0.14468499999999998	-0.09617080000000001	3.807928723754287
DLE_39_14	-0.10184800000000001	1.93812	7.8488	1.1689200000000002	0.470366	0.128225	2.90294875360376
DLE_39_15	-0.0667985	1.69487	7.690519999999999	1.31525	1.46779	0.49289799999999995	2.9676842335419176
DLE_39_16	-0.0801758	1.3477299999999999	6.49041	0.845943	0.278127	0.0487239	2.3690262699570486
DLE_39_17	-0.0383327	0.8348549999999999	6.42605	0.49916000000000005	1.5628799999999998	0.455583	2.494420502043092
DLE_39_18	-0.0321186	0.917222	6.28008	0.692778	1.41478	0.43699399999999994	2.4227423786555895
DLE_39_2	-0.321277	4.2426699999999995	13.6555	2.63852	-0.07567839999999999	-0.0307737	5.14242239077704
DLE_39_3	-0.343132	4.0599300000000005	13.1706	2.52862	0.359283	0.132931	4.960649127278506
DLE_39_4	-0.295556	3.45301	11.6175	2.14535	0.537933	0.258208	4.3662663024383175
DLE_39_5	-0.220739	3.69749	13.0964	2.64338	1.08995	0.3853	4.948935970086411
DLE_39_6	-0.11036800000000001	2.97243	10.6311	2.8124	1.36436	0.508197	4.117342908204468
DLE_39_7	-0.151584	3.00409	11.9299	2.93205	2.00073	0.7546350000000001	4.644152253527831
DLE_39_8	-0.194859	3.34584	12.6427	2.9364	1.43841	0.539542	4.82430175180234
DLE_39_9	-0.133482	3.6108599999999997	11.7538	2.2718700000000003	-0.387466	-0.0656265	4.427527973680605
DLE_43_0	-0.32056	4.36291	14.1033	2.77331	-0.564753	0.0427524	5.323188978992442
DLE_43_1	-0.274871	4.1111	13.1706	2.55578	-0.39565300000000003	0.034485	4.967950107306496
DLE_43_10	-0.0716845	2.6453	9.58935	1.7532400000000001	0.683736	0.245765	3.596788843293995
DLE_43_11	-0.061576900000000004	2.17921	8.34859	1.86399	1.05449	0.358777	3.1896459455349944
DLE_43_12	-0.056454399999999995	2.46311	9.94662	2.13404	1.21739	0.45322299999999993	3.778409064034232
DLE_43_13	-0.17324900000000001	2.81901	9.962660000000001	1.63347	-0.135613	-0.08970650000000001	3.707473382002396
DLE_43_14	-0.0938677	1.87263	7.67673	1.15944	0.45368400000000003	0.1245	2.8378034338655156
DLE_43_15	-0.0496173	1.68589	7.495139999999999	1.33466	1.45126	0.487479	2.9017070502120017
DLE_43_16	-0.0747569	1.32384	6.35337	0.854268	0.28310599999999997	0.051662900000000005	2.321000355163857
DLE_43_17	-0.0405909	0.809979	6.16228	0.5464	1.4845	0.433172	2.39083719885911
DLE_43_18	-0.030846199999999997	0.9249780000000001	6.08865	0.7382529999999999	1.36961	0.42917299999999997	2.352788139189238
DLE_43_2	-0.286688	4.1399099999999995	13.3428	2.65784	-0.076426	-0.0296803	5.029088807175711
DLE_43_3	-0.33763699999999996	3.9251	12.9276	2.51258	0.370288	0.136822	4.865521151925622
DLE_43_4	-0.299377	3.31722	11.3809	2.09155	0.512475	0.247258	4.269690704905742
DLE_43_5	-0.24366300000000002	3.5842099999999997	12.8263	2.62502	1.08847	0.402309	4.848025216856988
DLE_43_6	-0.0779625	2.90352	10.4073	2.86223	1.3463200000000002	0.508904	4.041000437903995
DLE_43_7	-0.0970557	2.91323	11.7815	2.8790400000000003	1.9244700000000001	0.730568	4.572108736113
DLE_43_8	-0.155351	3.22615	12.4698	2.89845	1.38829	0.525638	4.748518780598126
DLE_43_9	-0.107951	3.51505	11.4641	2.25271	-0.363896	-0.06339	4.319560166607663
DLE_44_0	-0.2607	4.1	13.384	2.6524	-0.539767	0.0397417	5.048765578034718
DLE_44_1	-0.290663	3.99957	12.9269	2.60455	-0.374569	0.0388584	4.878420405975465
DLE_44_10	-0.06648530000000001	2.58169	9.40726	1.7943900000000002	0.687659	0.24722399999999997	3.5331583628875016
DLE_44_11	-0.0567691	2.1018	8.114469999999999	1.8433	1.0191	0.353544	3.100480850439791
DLE_44_12	-0.054827999999999995	2.4071599999999997	9.62439	2.1371	1.2272299999999998	0.455825	3.6694611577622847
DLE_44_13	-0.157373	2.7972599999999996	9.77656	1.61645	-0.12662	-0.08542410000000002	3.641751998607432
DLE_44_14	-0.0809309	1.8012700000000001	7.51107	1.14953	0.43983599999999995	0.121794	2.7745250964894606
DLE_44_15	-0.0498603	1.61828	7.35255	1.3362100000000001	1.41116	0.47730600000000006	2.8431651273042533
DLE_44_16	-0.0717052	1.26567	6.21269	0.8569610000000001	0.275231	0.05144119999999999	2.268503468240915
DLE_44_17	-0.029893799999999998	0.812739	5.9931	0.5773520000000001	1.4473	0.425863	2.3285567533365072
DLE_44_18	-0.0322736	0.8876940000000001	5.979080000000001	0.7561939999999999	1.33517	0.42037700000000006	2.308544531835967
DLE_44_3	-0.31690100000000004	3.79166	12.6187	2.45287	0.35261	0.132669	4.744943034776103
DLE_44_4	-0.27258899999999997	3.2742299999999998	11.1022	2.13973	0.489317	0.237842	4.174431673371119
DLE_44_5	-0.197247	3.39511	12.6334	2.5916900000000003	1.04132	0.39079400000000003	4.760397736597818
DLE_44_6	-0.101232	2.8498099999999997	10.2092	2.80792	1.30816	0.496309	3.962701330856973
DLE_44_7	-0.09952180000000001	2.78795	11.2826	2.87595	1.8718	0.681218	4.392119144518954
DLE_44_8	-0.179556	3.0767	12.2101	2.81367	1.3342100000000001	0.5072800000000001	4.638147341567752
DLE_44_9	-0.126895	3.41517	11.2092	2.24209	-0.341956	-0.060639099999999994	4.223551519401086
DLE_45_0	-0.280916	4.04678	13.4963	2.6381099999999997	-0.499057	0.0452022	5.078315384261151
DLE_45_1	-0.2186	3.82714	12.5954	2.4921	-0.331885	0.0377751	4.741852486468962
DLE_45_10	-0.07047439999999999	2.4809900000000003	9.10965	1.7508599999999999	0.655849	0.23619	3.4197534876756537
DLE_45_11	-0.050850900000000004	2.0219400000000003	7.88443	1.80283	0.973208	0.338486	3.0095936980226003
DLE_45_12	-0.0445557	2.32882	9.521	2.13707	1.1992	0.448243	3.6255527284600255
DLE_45_13	-0.159899	2.70473	9.46641	1.61791	-0.114558	-0.08148480000000001	3.5287691462113253
DLE_45_14	-0.0800648	1.76374	7.3469	1.15419	0.425509	0.11868699999999999	2.7153163640980913
DLE_45_15	-0.0453611	1.52735	7.06164	1.3123799999999999	1.3379	0.454006	2.7271781910046053
DLE_45_16	-0.0573076	1.23133	6.11816	0.855139	0.271873	0.051958500000000005	2.2334683424818227
DLE_45_17	-0.023725200000000002	0.792022	5.84957	0.601355	1.3991	0.41445	2.2707699681777553
DLE_45_18	-0.037632599999999995	0.8688790000000001	5.83576	0.7817689999999999	1.29168	0.408144	2.2526517059934266
DLE_45_2	-0.250349	3.7885699999999995	12.5857	2.49212	-0.059906799999999996	-0.026117599999999998	4.730722625220558
DLE_45_3	-0.276287	3.65139	12.2444	2.51068	0.348769	0.129102	4.610035461270282
DLE_45_4	-0.281567	3.1566	10.8249	2.11685	0.497917	0.242383	4.069788554141128
DLE_45_5	-0.22061599999999998	3.26475	12.3406	2.57154	0.9720110000000001	0.364119	4.644586756538197
DLE_45_6	-0.0900257	2.67518	9.8571	2.7296	1.2360200000000001	0.472246	3.81746122827031
DLE_45_7	-0.09202080000000001	2.85581	11.4245	2.95473	1.89612	0.697348	4.45373236178007
DLE_45_8	-0.153085	3.07782	11.9862	2.96988	1.3733899999999999	0.525139	4.581483928129155
DLE_45_9	-0.115027	3.32756	11.0322	2.19726	-0.301147	-0.054696	4.151781775803793
DLE_46_0	-0.20638299999999998	3.93742	13.0672	2.60732	-0.451747	0.0416875	4.920742671655015
DLE_46_1	-0.22853800000000002	3.72435	12.3932	2.48717	-0.297817	0.0392219	4.663261420973933
DLE_46_10	-0.052956500000000004	2.3454599999999997	8.84555	1.7147700000000001	0.6280720000000001	0.22708000000000003	3.315176590240787
DLE_46_11	-0.0471485	1.93107	7.56003	1.78824	0.916241	0.320654	2.8875686555130438
DLE_46_12	-0.0460389	2.2008	9.15477	2.04738	1.14561	0.426833	3.4814988163110545
DLE_46_13	-0.157664	2.57013	9.1926	1.58568	-0.100241	-0.07505679999999999	3.42206955426218
DLE_46_14	-0.06591369999999999	1.7379200000000001	7.170780000000001	1.1703	0.42713100000000004	0.118684	2.654614072845305
DLE_46_15	-0.046216900000000005	1.52803	6.9802	1.31954	1.31093	0.44636499999999996	2.6962066788886614
DLE_46_16	-0.0634908	1.23348	5.98971	0.881821	0.276229	0.053612599999999996	2.1912188344739607
DLE_46_17	-0.0249951	0.762984	5.66129	0.6290939999999999	1.33507	0.397635	2.1947118937385897
DLE_46_18	-0.0270265	0.8897219999999999	5.738180000000001	0.816144	1.2973700000000001	0.411524	2.2249717740737256
DLE_46_2	-0.256525	3.6656199999999997	12.071	2.49251	-0.0398109	-0.0234681	4.547382868682807
DLE_46_3	-0.276483	3.50498	11.8883	2.44599	0.34757	0.13028299999999998	4.472908170231337
DLE_46_4	-0.22591399999999998	3.01234	10.4921	2.05785	0.47922200000000004	0.23289899999999997	3.93997686483609
